# callgrind format
version: 1
creator: callgrind-3.18.1
pid: 2932
cmd:  ./trie
part: 1


desc: I1 cache: 
desc: D1 cache: 
desc: LL cache: 

desc: Timerange: Basic block 0 - 2096796130
desc: Trigger: Program termination

positions: line
events: Ir
summary: 12629279944


ob=(3) /usr/lib/x86_64-linux-gnu/libc.so.6
fl=(91) ./string/../sysdeps/x86_64/multiarch/memcpy.c
fn=(312) memcpy@@GLIBC_2.14
29 1
fi=(92) ./string/../sysdeps/x86_64/multiarch/ifunc-memmove.h
+24 3
-1 2
+4 3
+14 2
+2 2
+8 2
+8 2
+2 5
fe=(91)

fl=(103) ./string/../sysdeps/x86_64/multiarch/strncmp.c
fn=(342) strncmp
66 1
-25 4
+1 3
+2 2
+5 3
+3 3
+14 1

fl=(113) ./string/../sysdeps/x86_64/multiarch/memrchr.c
fn=(364) memrchr
29 1
fi=(83) ./string/../sysdeps/x86_64/multiarch/ifunc-avx2.h
+4 5
-1 2
+2 3
+2 2
+4 3
+3 4
fe=(113)
-14 1

fl=(125) ./string/../sysdeps/x86_64/multiarch/mempcpy.c
fn=(400) mempcpy
33 1
fi=(92)
+20 3
-1 2
+4 3
+14 2
+2 2
+8 2
+8 2
+2 5
fe=(125)

fl=(162) ./misc/./misc/sbrk.c
fn=(564) sbrk
37 458
+6 229
-6 229
+3 229
-3 458
+3 229
+3 229
+20 1
+15 315
-20 458
+1 2
cfi=(163) ./misc/../sysdeps/unix/sysv/linux/brk.c
cfn=(566) brk
calls=1 -24 
* 9
* 2
+4 1
-1 458
+4 912
+8 228
cfi=(163)
cfn=(566)
calls=228 -39 
* 2384
* 456
-14 166
+18 830

fl=(168) ./libio/./libio/filedoalloc.c
fn=(586) _IO_file_doallocate
78 18
+6 8
fi=(174) ./libio/./libio/libioP.h
940 6
+2 4
+1 4
fe=(168)
84 6
cfi=(167) ./libio/./libio/fileops.c
cfn=(588) _IO_file_stat
calls=2 1146 
* 36
* 4
+2 8
+11 8
+4 4
cob=(2) ???
cfi=(51) ???
cfn=(594) 0x0000000004874380
calls=2 0 
* 374
* 2
+1 4
+2 8
cfi=(166) ./libio/./libio/genops.c
cfn=(596) _IO_setb
calls=2 329 
* 48
+1 2
+1 16

fl=(167)
fn=(680) _IO_do_write@@GLIBC_2.2.5
423 945
+2 2835
+1 1
-3 944
fi=(174)
940 944
fe=(167)
423 1888
fi=(174)
940 944
fe=(167)
423 944
fi=(174)
940 1888
fe=(167)
423 4720
+20 944
-10 1888
+7 3776
fi=(174)
942 1888
+1 1888
fe=(167)
448 3776
cfn=(720) _IO_file_write@@GLIBC_2.2.5
calls=944 1173 
* 43424
* 944
+1 4720
+2 944
+4 1888
-3 1888
-1 1888
+4 2832
-2 944
-28 3776
+1 7552
+28 2832

fn=(588)
1146 2
+1 4
cfi=(169) ./io/../sysdeps/unix/sysv/linux/fstat64.c
cfn=(590) fstat
calls=2 29 
* 30

fn=(720)
1173 6608
+2 5664
+5 944
cfi=(190) ./io/../sysdeps/unix/sysv/linux/write.c
cfn=(722) write
calls=944 25 
* 8496
+1 1888
+5 944
+1 944
-12 1888
+4 2832
+1 1888
+10 2832
+3 5664
-4 2832

fn=(800) _IO_file_sync@@GLIBC_2.2.5
792 10
+5 8
+2 2
+1 4
+11 4
+4 8

fn=(600) _IO_file_read
1130 544
+1 544
+2 544
-1 544
+1 1088
cfi=(171) ./io/../sysdeps/unix/sysv/linux/read.c
cfn=(602) read
calls=544 25 
* 4352

fn=(678) _IO_file_overflow@@GLIBC_2.2.5
731 4725
+1 3780
+7 4723
+37 944
-2 1890
-32 2
+12 2
+9 3
+5 3
+2 2
-3 2
+3 1
+1 1
-6 1
+1 1
+5 4
+16 945
-12 945
+1 945
+11 1890
-12 945
cfn=(680)
calls=945 423 
* 103845
-31 2
cfi=(166)
cfn=(584) _IO_doallocbuf
calls=1 343 
* 306
+1 1
+9 1
-9 5

fn=(582) _IO_file_underflow@@GLIBC_2.2.5
461 544
+4 1632
-4 4352
+7 1088
+6 1632
+3 1088
+12 1086
+9 1088
fi=(174)
940 544
+2 544
-2 544
fe=(167)
505 1088
cfi=(166)
cfn=(598) _IO_switch_to_get_mode
calls=544 164 
* 13600
+6 544
+5 544
-5 544
fi=(174)
942 1088
fe=(167)
511 544
fi=(174)
942 544
fe=(167)
511 1632
fi=(174)
943 1088
fe=(167)
516 2176
cfn=(600)
calls=544 1130 
* 7616
+2 1088
+16 543
-9 543
+9 1086
+2 1086
+1 4344
-6 1
-10 5
+11 1
-11 2
+16 8
-57 3
+5 2
cfi=(166)
cfn=(584)
calls=1 343 
* 306
+4 4

fn=(676) _IO_file_xsputn@@GLIBC_2.2.5
1197 16097405
+7 3219481
-7 9658443
+6 10302632
+9 3863670
-2 7727340
+17 5795505
+1 1931387
+3 5794161
+2 1931387
+2 1931387
+2 3862774
-2 1931387
+1 1931387
+1 1931387
-2 1931387
cob=(2)
cfi=(51)
cfn=(702) 0x00000000048743e0
calls=1931387 0 
* 40742836
* 1931387
+4 3862774
+28 28975329
-36 448
+12 448
fi=(174)
940 1344
+2 896
+1 896
fe=(167)
1243 496
fi=(174)
940 1488
+2 992
+1 992
fe=(167)
1243 2832
cfn=(678)
calls=944 731 
* 125781
* 1888
+6 1888
+1 6608
+2 1888
+11 2832
+1 3776
cfi=(166)
cfn=(682) _IO_default_xsputn
calls=944 371 
* 61319
+2 2832

fn=(796) _IO_file_setbuf@@GLIBC_2.2.5
381 6
+1 2
cfi=(166)
cfn=(798) _IO_default_setbuf
calls=2 +70 
* 138
* 4
+3 2
+4 4
-2 6
+3 4

fl=(149) ./libio/./libio/vtables.c
fn=(504) check_stdfiles_vtables
83 1
+1 4
+1 3
+1 3
+2 1

fl=(184) ./stdio-common/./stdio-common/printf.c
fn=(690) printf
28 8371129
+4 643933
+1 1287866
-1 1287866
+1 643933
-1 643933
+1 643933
-1 643933
+1 643933
-1 643933
+1 643933
cfi=(185) ./stdio-common/./stdio-common/vfprintf-internal.c
cfn=(692) __vfprintf_internal
calls=643933 1180 
* 483317616
+4 3219665

fl=(114) ./string/../sysdeps/x86_64/multiarch/strchrnul.c
fn=(368) strchrnul
31 1
fi=(83)
+2 5
-1 2
+2 3
+2 2
+4 3
+3 4
fe=(114)
-12 1

fl=(85) ./string/../sysdeps/x86_64/multiarch/strcmp.c
fn=(298) strcmp
65 2
-24 4
+1 2
-1 4
+1 4
+2 4
+5 6
+3 6
+13 2

fl=(107) ./string/../sysdeps/x86_64/multiarch/strcat.c
fn=(350) strcat
29 2
fi=(100) ./string/../sysdeps/x86_64/multiarch/ifunc-strcpy.h
+7 4
+1 2
-1 4
+1 4
+2 4
+4 6
+3 6
fe=(107)
-17 2

fl=(186) ./string/../sysdeps/x86_64/multiarch/strchr-avx2.S
fn=(696) __strchrnul_avx2
51 1931579
+2 1931579
+1 1931579
+1 1931579
+1 1931579
+1 1931579
+3 1931579
+1 1931579
+4 1931579
+1 1931579
+1 1931579
+1 1931579
+1 1931579
+1 1931579
+1 1931579
+1 1931579
+6 1931579
+1 3863158

fl=(80) ./string/../sysdeps/x86/cacheinfo.c
fn=(288) __x86_cacheinfo
86 1
fi=(81) ./string/../sysdeps/x86/cacheinfo.h
-25 1
+3 3
+2 1
+1 1
-1 2
+7 3
+2 1
+1 1
-1 2
+5 2
+2 2
+1 2
+1 2
+2 2
fe=(80)
* 2

fl=(155) ./setjmp/../sysdeps/x86_64/setjmp.S
fn=(536) __sigsetjmp
30 1
+2 1
+9 1
+1 2
+1 1
+4 1
+1 1
+1 1
+1 1
+1 1
+2 2
+2 1
+1 1
+1 1
+2 2
+2 1
+5 1
+1 1
+17 1
cfi=(156) ./setjmp/./setjmp/sigjmp.c
cfn=(538) __sigjmp_save
calls=1 -56 
* 9

fl=(177) ./stdlib/../stdlib/strtol.c
fn=(622) strtol
105 16
+1 64
cfi=(178) ./stdlib/../stdlib/strtol_l.c
cfn=(624) ____strtol_l_internal
calls=16 225 
* 1863

fl=(108) ./string/../sysdeps/x86_64/multiarch/strncase_l.c
fn=(354) strncasecmp_l
31 1
fi=(201) ./string/../sysdeps/x86_64/multiarch/ifunc-strcasecmp.h
+1 5
fe=(108)
-1 1

fl=(160) ./stdlib/../sysdeps/unix/sysv/linux/getrandom.c
fn=(550) getrandom
28 1
+1 7
+1 1

fl=(195) ./nptl/./nptl/pthread_mutex_lock.c
fn=(736) pthread_mutex_lock@@GLIBC_2.2.5
77 1
+3 3
+2 1
+2 2
-7 2
+11 2
+79 1
+3 1
+2 1
+3 1
+2 1
+1 3
-81 2
+11 4
+4 1
+3 2
-71 1
+1 8
+1 1
+84 3
+1 2

fl=(164) ./libio/./libio/iofgets.c
fn=(572) fgets
32 2220786
+5 1480524
+2 1110393
+8 4441572
+4 370131
-4 740262
+4 370131
+1 370131
+1 740262
-1 370131
+1 1480524
-2 370131
+2 370131
cfi=(165) ./libio/./libio/iogetline.c
cfn=(574) _IO_getline
calls=370131 -20 
* 38635150
+3 370131
+1 370131
-1 740262
+7 2
fi=(174)
883 2
+1 3331179
fe=(164)
66 2590917
-10 740260
+4 370130
+3 1480520
fi=(174)
883 1110390
fe=(164)

fl=(137) ./ctype/./ctype/ctype-info.c
fn=(442) __ctype_init
29 1
+2 7
+2 4
+2 4
+1 1

fl=(163)
fn=(566)
35 229
+1 916
+1 458
+6 63
+1 63
-5 332
+1 332

fl=(185)
fn=(692)
1180 7727196
+30 3219665
+8 1931799
+4 3219665
+11 1287866
+11 643933
fi=(202) ./stdio-common/./stdio-common/printf-parse.h
111 1287866
fe=(185)
1244 3219665
fi=(202)
111 643933
cob=(2)
cfi=(51)
cfn=(694) 0x00000000048744d0
calls=643933 0 
* 13522593
fe=(185)
1259 643933
fi=(202)
111 643933
fe=(185)
1259 1931799
239 643933
fi=(203) ./stdio-common/../libio/libioP.h
940 643933
fe=(185)
1263 643933
fi=(203)
942 643933
-2 643933
fe=(185)
1263 643933
fi=(203)
940 1287866
+2 1287866
+1 1287866
fe=(185)
239 2575732
cfi=(167)
cfn=(676)
calls=643933 1197 
* 12878660
* 1287866
127 5795397
1263 1287866
+4 1931799
+4 5151464
1532 643933
1214 643933
+34 643933
-8 643933
1532 1931799
+23 643933
-39 643933
+39 643933
-39 643933
+39 1287866
1313 19314690
+39 1287646
-51 1287646
-1 1287646
-1 1287646
-1 1287646
+5 1287646
1501 1287646
fi=(202)
88 1287646
fe=(185)
1352 1287646
-46 1287646
-4 1287646
+50 1287646
1501 1287646
1295 1287646
-1 1287646
-1 1287646
-1 1287646
-1 1287646
+16 2575292
1608 1287866
+1 1287866
+3 7727196
-4 5795397
1218 1287866
+41 2575732
cfi=(187) ./nptl/./nptl/libc-cleanup.c
cfn=(698) __libc_cleanup_push_defer
calls=643933 24 
* 6439330
+1 8371129
-1 1287866
1609 1287866
cfi=(187)
cfn=(706) __libc_cleanup_pop_restore
calls=643933 39 
* 5151464
+2 643933
-47 1287426
-47 28323372
-1 2860
cfi=(188) ./stdio-common/./stdio-common/_itoa.c
cfn=(700) _itoa_word
calls=220 163 
* 10592
* 6820
192 440
+47 220
fi=(203)
942 660
+1 440
fe=(185)
239 880
cfi=(167)
cfn=(676)
calls=220 1197 
* 14578
* 440
127 9014842
1517 2575292
-54 220
+53 440
+73 1287646
fi=(202)
111 1287646
fe=(185)
1583 1287646
fi=(202)
111 2575292
cob=(2)
cfi=(51)
cfn=(694)
calls=1287646 0 
* 27040566
fe=(185)
239 1287646
fi=(203)
942 1287646
fe=(185)
1593 1287646
fi=(202)
111 1287646
fi=(203)
942 1287646
fe=(185)
1593 1287646
fi=(203)
942 1287646
+1 2575292
fe=(185)
239 5150584
cfi=(167)
cfn=(676)
calls=1287646 1197 
* 55386642
* 2575292
127 16739398
1593 2575292
+2 3219225
-79 4400
192 440
1392 440
1516 1760
+1 2574852
cob=(2)
cfi=(51)
cfn=(674) 0x0000000004874490
calls=1287426 0 
* 20612800
* 2574852
-1 2200
239 1287426
fi=(203)
942 3862278
+1 2574852
fe=(185)
239 5149704
cfi=(167)
cfn=(676)
calls=1287426 1197 
* 87276123
* 2574852
127 7724556
1516 440

fl=(173) ./string/../sysdeps/x86_64/multiarch/memmove-vec-unaligned-erms.S
fn=(610) __memcpy_avx_unaligned_erms
307 370493
+1 370493
+6 370493
+1 370493
+42 370493
+1 370493
+2 370394
+1 370394
+2 370379
+4 370379
+1 563
+1 563
+1 563
+1 563
+1 383
+1 383
+2 383
+2 383
-2 180
+2 180
+6 369816
+1 369816
+1 369816
+1 369816
+1 369816
+7 99
+1 99
+1 99
+1 99
+2 99
+17 15
+1 15
+1 15
+1 15
+1 15

fn=(704) __mempcpy_avx_unaligned_erms
294 1931387
+1 1931387
+1 1931387
+1 1931387
+17 1931387
+1 1931387
+42 1931387
+1 1931387
+2 1931387
+1 1931387
+2 1931366
+4 1931366
+1 1839433
+1 1839433
+1 1839433
+1 1839433
+1 1103546
+1 1103546
+2 1103546
+2 1103546
-2 735887
+2 735887
+6 91933
+1 91933
+1 91933
+1 91933
+1 91933
+29 21
+1 21
+1 21
+1 21
+1 21

fl=(104) ./string/../sysdeps/x86_64/multiarch/strcasecmp.c
fn=(344) strcasecmp
31 1
fi=(201)
+1 5
fe=(104)
-1 1

fl=(152) ./stdlib/./stdlib/cxa_atexit.c
fn=(512) __cxa_atexit
69 9
-28 2
+2 6
+1 2
cfn=(514) __new_exitfn
calls=1 +38 
* 32
+2 2
+10 1
+2 1
-5 3
+3 1
-1 1
+4 2
+1 1
-1 2
+12 6

fn=(514)
82 1
+6 2
-6 4
+11 4
-10 2
+12 4
-2 1
+10 1
-10 3
+45 1
+5 1
-4 1
+4 4
-18 1
-1 1
+1 1

fl=(183) ./libio/./libio/ioputs.c
fn=(672) puts
33 2048
+2 256
cob=(2)
cfi=(51)
cfn=(674)
calls=256 -35 
* 4096
+1 256
-1 256
+1 3072
+3 256
-3 256
+3 256
-3 256
+3 512
-1 510
+1 1
+1 1
fi=(174)
940 3
+2 2
+1 2
fe=(183)
40 255
fi=(174)
940 765
+2 510
+1 510
fe=(183)
40 768
cfi=(167)
cfn=(676)
calls=256 1197 
* 17087
* 512
+1 1792
+1 1024
fi=(174)
883 512
+1 2560
fe=(183)
46 1792

fl=(192) ./stdlib/./stdlib/exit.c
fn=(730) __run_exit_handlers
40 11
+5 2
+3 5
+50 1
-42 1
+2 3
+8 6
+2 1
+3 1
-3 1
+3 6
+34 1
+1 1
+1 1
-2 1
+7 1
-3 2
+3 3
+1 3
cob=(1) /usr/lib/x86_64-linux-gnu/ld-linux-x86-64.so.2
cfi=(194) ./elf/./elf/dl-fini.c
cfn=(734) _dl_fini
calls=1 -82 
* 897
+1 4
+10 2
+1 2
-63 1
+69 4
+2 2
+1 6
cfi=(166)
cfn=(788) _IO_cleanup
calls=1 863 
* 641
* 3
+2 2
cfi=(200) ./posix/../sysdeps/unix/sysv/linux/_exit.c
cfn=(802) _Exit
calls=1 27 
* 5
-90 1
cfi=(193) ./stdlib/./stdlib/cxa_thread_atexit_impl.c
cfn=(732) __call_tls_dtors
calls=1 149 
* 12
* 1

fn=(728) exit
142 3
+1 3
-1 1
+1 1
cfn=(730)
calls=1 40 
* 1634

fl=(198) ./posix/./posix/register-atfork.c
fn=(750) __unregister_atfork
76 4
+1 2
-1 2
+1 6
fi=(199) ./posix/../malloc/dynarray-skeleton.c
243 2
fe=(198)
65 4
+38 8
+1 4

fl=(166)
fn=(596)
329 18
+1 8
+5 4
-3 2
+3 8
+3 8

fn=(598)
164 2720
+1 1632
+3 1632
+4 1088
+1 1088
+7 544
-4 544
+4 544
-2 1088
+3 544
+1 2176

fn=(580) _IO_default_uflow
361 1088
fi=(174)
940 1088
fe=(166)
361 544
fi=(174)
940 544
fe=(166)
361 1088
+1 544
fi=(174)
942 1088
+1 1088
fe=(166)
362 1088
cfi=(167)
cfn=(582)
calls=544 +99 
* 54172
+1 1088
+2 2172
+1 2176

fn=(578) __uflow
299 2720
+1 1632
+5 1632
+3 544
173 544
308 1088
+2 1088
+6 1088
+7 544
fi=(174)
940 1632
+2 1088
+1 1088
fe=(166)
323 544
+1 544
-1 544
+1 1088
-1 544
cfn=(580)
calls=544 +38 
* 67768
-23 1088
+21 1632

fn=(790) _IO_flush_all_lockp
686 12
+5 6
cfi=(187)
cfn=(698)
calls=1 24 
* 10
+1 9
+3 1
-8 1
+5 2
+3 2
fi=(174)
940 4
fe=(166)
706 1
fi=(174)
942 2
+1 2
fe=(166)
706 3
cfi=(167)
cfn=(678)
calls=1 +25 
* 133
+1 3
+2 6
+2 3
-16 9
+2 3
+1 6
+3 20
+14 9
+1 2
cfi=(187)
cfn=(706)
calls=1 39 
* 8
+4 12

fn=(798)
452 4
fi=(174)
940 2
fe=(166)
452 4
fi=(174)
940 2
fe=(166)
452 2
fi=(174)
940 2
fe=(166)
452 8
+1 2
fi=(174)
942 4
+1 4
fe=(166)
453 4
cfi=(167)
cfn=(800)
calls=2 792 
* 36
* 4
+4 2
330 2
462 2
-7 4
332 4
+5 2
-5 2
+5 2
467 2
332 2
466 8
+2 12
-11 2
+1 4
-1 2
330 8

fn=(682)
371 944
+3 1888
-3 7552
fi=(174)
940 944
fe=(166)
371 944
fi=(174)
940 944
fe=(166)
371 944
fi=(174)
940 944
fe=(166)
371 1888
+18 1888
+8 944
+2 1888
-20 3776
+2 2832
+3 1888
+20 944
-29 944
+29 6608
-11 7552
+1 3776
-1 1888
+1 1888
-1 2832
+1 1494
-1 3185

fn=(788)
863 2
+3 1
-3 9
-77 1
+80 1
cfn=(790)
calls=1 686 
* 269
-80 2
+80 1
-80 3
cfi=(187)
cfn=(698)
calls=1 24 
* 10
+1 9
+3 1
-3 2
+3 2
fi=(174)
940 4
fe=(166)
838 3
-48 9
+9 9
+2 6
+6 26
+8 10
+9 2
fi=(174)
942 4
+1 4
fe=(166)
824 8
cfi=(167)
cfn=(796)
calls=2 381 
* 166
+2 6
+4 10
+1 16
+11 9
+1 2
cfi=(187)
cfn=(706)
calls=1 39 
* 8
+35 12
-59 2
-2 2
+3 2
-3 2
+2 6

fn=(584)
343 2
+1 4
-1 6
+3 8
+1 2
fi=(174)
940 6
+2 4
+1 4
fe=(166)
347 4
cfi=(168)
cfn=(586)
calls=2 78 
* 560
* 4
+3 8

fl=(86) ./wcsmbs/../sysdeps/x86_64/multiarch/wcsnlen.c
fn=(300) wcsnlen
29 1
fi=(87) ./wcsmbs/../sysdeps/x86_64/multiarch/ifunc-wcslen.h
+5 4
-1 2
+2 3
+2 2
+4 3
+3 3
fe=(86)
-15 1

fl=(98) ./wcsmbs/../sysdeps/x86_64/multiarch/wcscmp.c
fn=(330) wcscmp
30 1
fi=(94) ./wcsmbs/../sysdeps/x86_64/multiarch/ifunc-avx2.h
+3 5
-1 2
+2 3
+2 2
+4 3
+3 4
fe=(98)
-13 1

fl=(147) ./misc/./misc/init-misc.c
fn=(498) __init_misc
30 1
+1 2
-1 4
+1 3
+2 3
cob=(2)
cfi=(51)
cfn=(500) 0x00000000048745f0
calls=1 -33 
* 48
+4 5
+1 3
+2 4

fl=(171)
fn=(602)
25 544
+1 3264
+1 544

fl=(158) ./malloc/./malloc/malloc.c
fn=(554) tcache_init.part.0
3235 3
+9 8
+1 3
cfn=(556) _int_malloc
calls=1 1343 
* 367
* 1
+1 2
+8 4
+7 2
+2 1
+1 2
-1 1
+1 86
+3 4

fn=(558) sysmalloc
2548 2052
+20 912
+11 456
+1 684
+26 228
+1 684
+1 228
+9 1820
+6 684
+3 684
2941 456
+1 228
+5 456
+3 456
+5 456
-2 228
+2 228
-1 228
+1 228
-3 228
+3 228
+1 228
-1 684
+1 228
+2 456
+6 2508
2687 456
+9 912
+13 684
+8 1140
+8 456
+21 664
+6 1162
cfn=(724) sysmalloc_mmap_fallback.constprop.0
calls=166 2508 
* 8637
+2 332
-2 166
+2 166
+4 166
+14 498
-10 332
+2 456
+2 684
+6 908
+1 61
2946 61
2773 183
+2 334
+92 332
-65 166
+84 332
+10 167
-1 167
+1 501
+1 167
+11 334
+7 332
+1 498
+8 166
+2 166
+5 332
fi=(159) ./malloc/./malloc/arena.c
565 228
fe=(158)
2727 228
cfi=(161) ./malloc/./malloc/morecore.c
cfn=(562) __glibc_morecore
calls=228 25 
* 10482
+1 456
-1 228
+1 228
2028 62
2729 62
2028 62
2729 62
2028 124
2730 228
+3 456
+33 124
2610 124
2775 2
+40 3
+22 1
+1 1
-1 1
+1 6
+2 2
+1 3
cfi=(161)
cfn=(562)
calls=1 25 
* 28
+12 2
-12 1
+12 1
2028 4
2897 4
2765 2
-36 332
-16 3

fn=(544) malloc
3287 5941518
+7 1980506
1343 1980504
+19 3961012
3306 3961012
+3 1980504
+10 2970759
+28 4951265
1362 495095
3304 1485285
-63 4
cfn=(554)
calls=1 -6 
* 484
+68 2
+1 4
+1 2970753
+10 3961012
cfn=(556)
calls=990253 1343 
* 138686063
+1 4951265
fi=(159)
162 1980506
315 1
cfn=(548) ptmalloc_init.part.0
calls=1 -2 
* 1128
fe=(158)
1343 2

fn=(556)
1343 1980508
3771 990254
1362 990254
3771 7922032
1362 1980508
3811 990316
+27 990316
+66 990252
+2 990252
-2 990252
+2 1980504
1362 990192
3811 990192
4397 990192
3838 990192
+63 6
+62 70
+1 6
+1 495158
3838 990316
1362 495158
3843 990316
+2 990316
+8 1485279
-10 495093
+2 3960939
4399 1980504
3903 990252
4399 12873276
3983 990252
+1 990252
-1 1980504
-1 1980504
+2 1980504
-1 2
+1 2
-1 4
-1 4
+2 4
-2 2970759
+12 990253
-6 990253
+73 3961012
-67 2970760
-6 1
+73 4
-67 3
4413 8912286
4183 1980508
+2 6
+3 2
-3 2
+3 4
+68 1980508
+1 990254
+1 990254
-1 990254
+1 990254
+1 1980508
+1 2970762
+5 1980508
+4 2970762
+3 3961008
-3 2970756
+3 3961008
-3 1980504
+3 2970753
+97 990254
+1 1980508
+2 1980508
+3 2971218
+17 684
3904 3
4380 990026
-2 1980052
+2 990026
-1 990026
+6 990026
-5 990026
-3 990026
+3 990026
+2 990026
-2 3960104
2005 990026
4382 990026
2005 1980052
4407 912
cfn=(558)
calls=228 2548 
* 51624
* 228
+1 456
2005 684

fn=(724)
2508 1162
+4 166
-4 332
+7 332
+1 5
+3 332
+5 166
-1 332
+3 1328
cfi=(191) ./misc/../sysdeps/unix/sysv/linux/mmap64.c
cfn=(726) mmap
calls=166 47 
* 1494
* 166
+3 332
+4 332
+7 166
+2 166
+2 1162
2028 664

fn=(646) realloc
3400 1253480
+6 250696
+4 250696
+7 250696
+11 125348
-2 125348
+5 125348
-3 250696
+2 250696
+4 376044
fi=(159)
162 376044
fe=(158)
3442 501392
+1 250696
1343 250696
+19 752088
3452 250696
+31 376044
+2 626740
cfn=(650) _int_realloc
calls=125348 4818 
* 6643444
* 125348
+1 626740
fi=(159)
162 376044
fe=(158)
3486 250696
+29 1128132

fn=(650)
4818 877436
+11 501392
+1 626740
+6 250696
+2 250696
+1 376044
+2 501392
+3 250696
+14 125348
+53 250696
-53 250696
+57 125348
-57 376044
+55 250696
+2 250696
+1 125348
+16 125348
+1 1128132

fl=(146) ./csu/./csu/init-first.c
fn=(496) _init_first
46 4
+5 2
+4 5
+8 1
-2 1
+10 1
-9 1
+1 1
+9 2
-1 1
cfi=(147)
cfn=(498)
calls=1 -41 
* 73

fl=(136) ./elf/./elf/libc_early_init.c
fn=(440) __libc_early_init
33 7
+2 1
cfi=(137)
cfn=(442)
calls=1 -6 
* 17
+3 1
fi=(139) ./elf/../sysdeps/nptl/pthread_early_init.h
-5 2
fe=(136)
+8 1
-3 1
fi=(139)
-5 1
cfi=(138) ./resource/../sysdeps/unix/sysv/linux/getrlimit64.c
cfn=(444) getrlimit
calls=1 +5 
* 10
* 3
+1 6
+11 1
fi=(204) ./elf/../nptl/nptl-stack.h
+13 3
fi=(139)
-13 1
fi=(204)
+13 2
fi=(139)
-4 1
fi=(204)
+4 2
fi=(139)
-6 1
fi=(204)
+6 1
fi=(139)
-12 1
+6 6
+1 1
+4 1
cfi=(140) ./nptl/./nptl/pthread_mutex_conf.c
cfn=(448) __pthread_tunables_init
calls=1 -7 
* 884
fe=(136)
-10 3
+2 2
-2 1
cfi=(143) ./nptl/../sysdeps/unix/sysv/linux/x86/elision-conf.c
cfn=(462) __lll_elision_init
calls=1 +49 
* 147

fl=(188)
fn=(700)
163 440
+3 880
+2 440
+9 8392
+9 440

fl=(127) ./string/../sysdeps/x86_64/multiarch/rawmemchr.c
fn=(406) rawmemchr
31 1
fi=(123) ./string/../sysdeps/x86_64/multiarch/ifunc-evex.h
+4 5
-1 2
+2 3
+5 2
-3 2
+9 3
+3 4
fe=(127)
-19 1

fl=(161)
fn=(562)
25 229
+1 458
-1 229
+4 229
cfi=(162)
cfn=(564)
calls=229 +8 
* 8283
+1 458
+4 126
-7 166
+7 332

fl=(190)
fn=(722)
25 944
+1 6608
+1 944

fl=(193)
fn=(732)
149 4
+1 4
+18 4

fl=(156)
fn=(538)
28 3
+2 2
-1 1
+5 3

fl=(117) ./string/../sysdeps/x86_64/multiarch/strlen.c
fn=(378) strlen
29 2
fi=(83)
+4 10
-1 4
+2 6
+2 4
+4 6
+3 8
fe=(117)
-14 2

fl=(99) ./string/../sysdeps/x86_64/multiarch/stpncpy.c
fn=(334) stpncpy
31 1
fi=(100)
+5 2
+1 1
-1 2
+1 2
+2 2
+4 3
+3 3
fe=(99)
-15 1

fl=(170) ./io/../sysdeps/unix/sysv/linux/fstatat64.c
fn=(592) fstatat
153 4
-55 4
+70 6
+1 2

fl=(191)
fn=(726)
47 332
+3 332
+8 664
+2 166

fl=(148) ./string/../sysdeps/x86_64/multiarch/strrchr-avx2.S
fn=(502) __strrchr_avx2
46 1
+1 1
+1 1
+2 1
+1 1
+3 1
+1 1
+1 1
+33 1
+1 1
+1 1
+1 1
+1 1
+1 1
+1 1
+1 1
+1 1
+1 1
+3 1
+1 1
+2 1
+1 1
+2 1
+13 1
+1 1
+1 1
+1 1
+1 1
+1 1
+1 1
+1 1
+32 1
+1 1
+19 1
+1 1
+1 1
+15 1
+1 1
+1 1
+1 1
+1 1
+2 1
+1 1
+1 1
+1 2

fl=(169)
fn=(590)
29 4
+1 4
+5 6
cfi=(170)
cfn=(592)
calls=2 153 
* 16

fl=(179) ./string/../sysdeps/x86_64/multiarch/strlen-avx2.S
fn=(630) __strlen_avx2
50 14384089
+13 14384089
+1 14384089
+1 14384089
+3 14384089
+2 14384089
+1 14384089
+3 14236498
+1 14236498
+8 14236498
+1 14236498
+1 14236498
+5 28472996
509 147591
+1 147591
+1 147591
+3 147591
+15 147591
+1 147591
+1 147591
+7 295182

fl=(126) ./string/../sysdeps/x86_64/multiarch/strncase.c
fn=(404) strncasecmp
31 1
fi=(201)
+1 5
fe=(126)
-1 1

fl=(200)
fn=(802)
27 2
+3 1
+1 2

fl=(101) ./wcsmbs/../sysdeps/x86_64/multiarch/wmemchr.c
fn=(338) wmemchr
31 2
fi=(102) ./wcsmbs/../sysdeps/x86_64/multiarch/ifunc-evex.h
+4 10
-1 4
+2 6
+5 4
-3 4
+9 6
+3 8
fe=(101)
-19 2

fl=(90) ./wcsmbs/../sysdeps/x86_64/multiarch/wcslen.c
fn=(308) wcslen
29 1
fi=(87)
+5 4
-1 2
+2 3
+2 2
+4 3
+3 3
fe=(90)
-15 1

fl=(105) ./string/../sysdeps/x86_64/multiarch/strcspn.c
fn=(346) strcspn
29 2
fi=(205) ./string/../sysdeps/x86_64/multiarch/ifunc-sse4_2.h
+1 10
fe=(105)
-1 2

fl=(124) ./string/../sysdeps/x86_64/multiarch/strspn.c
fn=(398) strspn
29 1
fi=(205)
+1 5
fe=(124)
-1 1

fl=(143)
fn=(462)
96 2
+5 1
-5 1
+5 1
-5 3
+5 3
cob=(2)
cfi=(51)
cfn=(450) 0x0000000004874650
calls=1 0 
* 22
+2 4
cob=(2)
cfi=(51)
cfn=(450)
calls=1 0 
* 22
+2 4
cob=(2)
cfi=(51)
cfn=(450)
calls=1 0 
* 22
+2 4
cob=(2)
cfi=(51)
cfn=(450)
calls=1 0 
* 22
+2 4
cob=(2)
cfi=(51)
cfn=(450)
calls=1 0 
* 22
+4 3
+1 1
+1 6

fl=(140)
fn=(448)
50 2
+1 2
-1 4
+1 3
cob=(2)
cfi=(51)
cfn=(450)
calls=1 -51 
* 840
+2 4
cob=(2)
cfi=(51)
cfn=(450)
calls=1 -53 
* 23
+2 6

fl=(181) ./string/../sysdeps/x86_64/multiarch/strcmp-avx2.S
fn=(654) __strcmp_avx2
83 385
+23 385
+1 385
+2 385
+1 385
+1 385
+1 385
+1 385
+2 385
+1 385
+1 385
+1 385
+1 385
+1 385
+1 385
+1 385
+18 385
+1 385
+1 385
+3 770

fl=(182) ./string/../sysdeps/x86_64/multiarch/memset-vec-unaligned-erms.S
fn=(662) __memset_avx2_unaligned_erms
181 1242
+1 3726
+5 1242
+1 1242
+1 255
+1 255
+3 255
+1 255
+1 510
365 987
+1 987
+2 987
+1 987
+1 987
+1 987
+1 987
+37 987
+1 987
+1 1974

fl=(118) ./string/../sysdeps/x86_64/multiarch/strncpy.c
fn=(382) strncpy
29 2
fi=(100)
+7 4
+1 2
-1 4
+1 4
+2 4
+4 6
+3 6
fe=(118)
-17 2

fl=(153) ./csu/../sysdeps/nptl/libc_start_call_main.h
fn=(532) (below main)
29 4
+15 1
-15 5
+15 1
cfi=(154) ./setjmp/../sysdeps/x86_64/bsd-_setjmp.S
cfn=(534) _setjmp
calls=1 -16 
* 34
* 1
+2 2
+5 2
+1 2
+3 2
+3 6
cob=(5) /root/ProgettoFinaleApi/trie
cfi=(157) /root/ProgettoFinaleApi/trie.c
cfn=(540) main
calls=1 299 
* 12629135886
* 1
+16 1
cfi=(192)
cfn=(728)
calls=1 +68 
* 1642

fl=(84) ./string/../sysdeps/x86_64/multiarch/strpbrk.c
fn=(296) strpbrk
29 1
fi=(205)
+1 5
fe=(84)
-1 1

fl=(106) ./wcsmbs/../sysdeps/x86_64/multiarch/wcscpy.c
fn=(348) wcscpy
43 1
-6 5
+6 1

fl=(196) ./nptl/./nptl/pthread_mutex_unlock.c
fn=(738) pthread_mutex_unlock@@GLIBC_2.2.5
367 1
51 3
+1 2
367 1
57 2
+8 1
-3 1
-23 1
+1 2
+30 1
369 2
40 3
+1 2
+33 2
+6 4
+4 3
+3 3

fl=(178)
fn=(624)
225 48
+54 16
-54 64
+19 16
-19 48
+14 16
-14 16
+26 32
+31 64
+9 96
+2 32
+5 32
-1 16
+6 32
+4 32
+10 32
+10 64
-82 32
377 16
+56 64
309 16
449 16
+10 48
-10 16
+10 16
+12 32
-5 29
+5 29
+1 87
-41 58
+2 84
+2 87
+28 87
+3 58
+11 32
+5 48
+6 32
324 32
491 48
-2 32
+17 80
+18 128

fl=(159)
fn=(548)
313 1
fi=(158)
3162 3
fe=(159)
313 5
+5 1
fi=(158)
3162 2
cfi=(160)
cfn=(550)
calls=1 28 
* 9
* 2
fe=(159)
343 2
+4 3
fi=(158)
1966 4
+3 1
-3 1
+3 2
-3 2
+3 126
-3 126
+3 252
-3 252
fe=(159)
352 3
fi=(158)
1977 1
+1 1
+2 1
fe=(159)
352 1
cob=(2)
cfi=(51)
cfn=(450)
calls=1 0 
* 23
+1 4
cob=(2)
cfi=(51)
cfn=(450)
calls=1 0 
* 22
+1 4
cob=(2)
cfi=(51)
cfn=(450)
calls=1 0 
* 23
+1 4
cob=(2)
cfi=(51)
cfn=(450)
calls=1 0 
* 23
+1 4
cob=(2)
cfi=(51)
cfn=(450)
calls=1 0 
* 22
+1 4
cob=(2)
cfi=(51)
cfn=(450)
calls=1 0 
* 23
+1 4
cob=(2)
cfi=(51)
cfn=(450)
calls=1 0 
* 23
+2 4
cob=(2)
cfi=(51)
cfn=(450)
calls=1 0 
* 23
+1 4
cob=(2)
cfi=(51)
cfn=(450)
calls=1 0 
* 23
+1 4
cob=(2)
cfi=(51)
cfn=(450)
calls=1 0 
* 23
+3 4
cob=(2)
cfi=(51)
cfn=(450)
calls=1 0 
* 23
+1 4
cob=(2)
cfi=(51)
cfn=(450)
calls=1 0 
* 23
+1 2
+63 7

fl=(175) ./string/../sysdeps/x86_64/multiarch/strcspn-c.c
fn=(616) __strcspn_sse42
82 370130
+1 740260
+6 1110390
+47 370130
+3 370130
-3 740260
+30 126
+4 63
fi=(176) /usr/lib/gcc/x86_64-linux-gnu/11/include/smmintrin.h
633 63
+53 126
+24 63
-24 63
+24 63
fe=(175)
164 126
fi=(176)
633 370130
+53 740260
+24 370130
-24 370130
+24 370130
fe=(175)
164 740260
+3 1110390
+5 370130
-80 370130
+3 370130
fi=(206) /usr/lib/gcc/x86_64-linux-gnu/11/include/emmintrin.h
703 370130
fe=(175)
92 370130
fi=(206)
703 370130
fe=(175)
99 370130
fi=(207) /usr/lib/gcc/x86_64-linux-gnu/11/include/tmmintrin.h
+39 740260
fi=(176)
633 370130
fe=(175)
99 1110390

fl=(119) ./wcsmbs/../sysdeps/x86_64/multiarch/wmemcmp.c
fn=(386) wmemcmp
29 1
fi=(120) ./wcsmbs/../sysdeps/x86_64/multiarch/ifunc-memcmp.h
+5 2
+1 1
-1 2
+1 2
+1 2
+1 3
+2 2
+4 3
+3 3
fe=(119)
-17 1

fl=(93) ./wcsmbs/../sysdeps/x86_64/multiarch/wcschr.c
fn=(316) wcschr
31 2
fi=(94)
+2 10
-1 4
+2 6
+2 4
+4 6
+3 8
fe=(93)
-12 2

fl=(88) ./string/../sysdeps/x86_64/multiarch/memset.c
fn=(304) memset
29 2
fi=(89) ./string/../sysdeps/x86_64/multiarch/ifunc-memset.h
+21 10
+3 6
+7 4
+9 4
+2 4
+10 4
+8 4
+2 10
fe=(88)

fl=(96) ./string/../sysdeps/x86_64/multiarch/strrchr.c
fn=(322) rindex
28 1
fi=(83)
+5 5
-1 2
+2 3
+2 2
+4 3
+3 4
fe=(96)
-15 1

fl=(138)
fn=(444)
38 2
+1 7
+1 1

fl=(109) ./string/../sysdeps/x86_64/multiarch/memcmp.c
fn=(356) bcmp
29 1
fi=(110) ./string/../sysdeps/x86_64/multiarch/ifunc-memcmp.h
+5 2
+1 1
-1 2
+1 2
+1 2
+1 3
+2 2
+4 3
+3 3
fe=(109)
-17 1

fl=(154)
fn=(534)
28 1
+2 1
+2 1
cfi=(155)
cfn=(536)
calls=1 -2 
* 31

fl=(121) ./string/../sysdeps/x86_64/multiarch/stpcpy.c
fn=(390) stpcpy
33 1
fi=(100)
+3 2
+1 1
-1 2
+1 2
+2 2
+4 3
+3 3
fe=(121)
-13 1

fl=(165)
fn=(574)
33 370131
+1 740262
cfn=(576) _IO_getline_info
calls=370131 +15 
* 37524757

fn=(576)
49 5181834
+2 740262
+2 1110393
+2 1480524
+28 370493
+2 1852465
cob=(2)
cfi=(51)
cfn=(604) 0x0000000004874420
calls=370493 -85 
* 7802323
* 370493
+1 740986
+14 1371
+3 457
-3 457
cob=(2)
cfi=(51)
cfn=(608) 0x0000000004874620
calls=457 0 
* 8416
+2 457
-1 457
-46 914
+2 1113111
+1 742074
+2 1088
cfi=(166)
cfn=(578)
calls=544 299 
* 88440
+1 1088
+6 1086
+11 449
-1 898
-22 898
+51 188
+1 760
-18 370036
+1 370036
-2 740072
+1 370036
+1 740072
+2 370036
+2 740072
+2 1850180
cob=(2)
cfi=(51)
cfn=(608)
calls=370036 -96 
* 6290868
+1 370036
+1 370036
-1 370036
+10 2960288
-44 1
+25 2
-25 2
+6 282
+1 282
-16 2

fl=(95) ./string/../sysdeps/x86_64/multiarch/strchr.c
fn=(320) index
61 1
-20 2
+1 1
-1 2
-1 2
+2 2
+2 2
+4 3
+3 3
+10 1

fl=(115) ./string/../sysdeps/x86_64/multiarch/strcpy.c
fn=(372) strcpy
29 2
fi=(100)
+7 4
+1 2
-1 4
+1 4
+2 4
+4 6
+3 6
fe=(115)
-17 2

fl=(180) ./string/../sysdeps/x86_64/multiarch/strcpy-avx2.S
fn=(642) __strncpy_avx2
53 1068120
+2 1068120
+1 1068120
+1 1068120
+2 1068120
+2 1068120
+5 1068120
+2 1068120
+1 1068120
+1 1068120
+2 433010
+1 433010
+2 433010
+1 433010
+1 433010
+8 433010
+1 433010
+1 433010
+2 433010
304 635110
+1 635110
+1 635110
+1 635110
+6 635110
+2 635110
+38 1068120
+1 1068120
+1 1068120
+1 1068120
+1 1068120
+1 1068120
+1 1068120
+1 1068120
+1 698141
+1 698141
+1 328619
+1 328619
+1 61111
496 433010
+1 433010
+1 433010
+1 433010
+4 635110
+1 635110
+1 635110
+24 433010
+1 433010
+10 635110
+1 635110
+8 61111
+1 61111
+5 61111
+1 61111
+1 61111
+2 57060
+4 267508
+1 267508
+1 267508
+5 267508
+1 267508
+1 267508
+2 357350
+4 369522
+1 369522
+5 369522
+1 369522
+1 369522
+2 731298
+4 369979
+1 369979
+1 369979
+1 369979
+5 369979
+1 369979
+1 369979
+1 369979
+2 739836
776 125348
+1 250696
+48 125348
+1 125348
+1 125348
+43 125348
+2 125348
+1 125348
+1 125348
+1 125348
+1 125348
+1 125348
+1 125348
+1 125348
+1 125348
+1 125348
+1 125348

fn=(634) __strcpy_avx2
53 919625
+6 919625
+2 919625
+5 919625
+2 919625
+1 919625
+1 919625
+2 378190
+1 378190
+2 378190
+1 378190
+1 378190
+14 378190
+1 378190
304 541435
+1 541435
+1 541435
+1 541435
+10 541435
+1 541435
+31 378190
+2 378190
+2 378190
+1 378190
-3 541435
+2 541435
+1 541435
+1 919625
+1 919625
+1 919625
+1 919625
+1 919625
+1 919625
+1 915233
+1 915233
+1 691174
+1 691174
+1 105677
+1 983
+10 1966
549 104694
+1 104694
+9 209388
+4 585497
+1 585497
+1 585497
+9 1170994
+4 224059
+1 224059
+9 448118
+4 4392
+1 4392
+1 4392
+1 4392
+10 8784

fl=(187)
fn=(698)
24 643935
+3 1287870
+3 2575740
+1 643935
+2 643935
+1 643935

fn=(706)
39 643935
+3 1287870
+2 1287870
+1 1287870
+2 643935

fl=(122) ./string/../sysdeps/x86_64/multiarch/memchr.c
fn=(394) memchr
29 1
fi=(123)
+6 5
-1 2
+2 3
+5 2
-3 2
+9 3
+3 4
fe=(122)
-21 1

fl=(197) ./stdlib/./stdlib/cxa_finalize.c
fn=(748) __cxa_finalize
30 4
+3 4
-3 14
+3 8
+3 6
+4 12
-4 6
+58 8
+4 12
-4 6
+11 4
+1 4
cfi=(198)
cfn=(750)
calls=2 -30 
* 32
+1 8
+1 16

fl=(172) ./string/../sysdeps/x86_64/multiarch/memchr-avx2.S
fn=(606) __memchr_avx2
60 370493
+7 370493
+2 370493
+3 370493
+1 370493
+2 370493
+1 370493
+1 370493
+1 370493
+3 367683
+1 367683
+3 367683
+1 367683
+2 364790
+1 364790
+1 364790
+1 364790
+1 729580
+6 2893
+5 2893
+1 2893
+1 2893
+1 2893
+1 5786
+11 2810
+3 2810
+1 2810
+1 2810
+4 2810
+1 2810
+7 2810
+3 2810
+1 2810
+2 2810
+1 2810
+1 2353
+1 2353
+2 4706
+4 457
+1 457
+1 457
+1 914
+32 457
+1 457
+1 457
+2 457
+10 457
+1 457
+3 457
+1 457
+2 457
+1 457

fl=(97) ./string/../sysdeps/x86_64/multiarch/memmove.c
fn=(326) memmove
29 2
fi=(92)
+24 6
-1 4
+4 6
+14 4
+2 4
+8 4
+8 4
+2 10
fe=(97)

fl=(151) ./csu/../csu/libc-start.c
fn=(510) __libc_start_main@@GLIBC_2.34
242 12
343 3
+1 3
cfi=(152)
cfn=(512)
calls=1 69 
* 71
+25 6
+6 2
-3 2
+10 2
cob=(2)
cfi=(51)
cfn=(526) 0x00000000048746d0
calls=1 0 
* 836
+2 2
+8 4
cfi=(153)
cfn=(532)
calls=1 29 
* 12629137590
128 2
+6 3
+1 6
cob=(2)
cfi=(51)
cfn=(516) 0x0000000000109000
calls=1 0 
* 7
* 1
+3 1
+1 2
+3 2
+1 2
-1 1
+2 7
+1 4
cob=(5)
cfi=(150) ???
cfn=(520) 0x00000000000012e0
calls=1 0 
* 12
-1 4

fl=(189) ./string/../sysdeps/x86_64/multiarch/strcat-avx2.S
fn=(714) __strcat_avx2
37 424298
+1 424298
+5 424298
+1 424298
+1 424298
+1 424298
+1 424298
+1 424298
+1 424298
+1 424298
+1 424298
+1 424298
230 424298
+1 424298
+1 424298
+35 424298
+1 424298
+1 424298
fi=(180)
66 424298
+2 424298
+1 424298
+1 424298
+2 212139
+1 212139
+2 212139
+1 212139
+1 212139
+14 212139
+1 212139
304 212159
+1 212159
+1 212159
+1 212159
+10 212159
+1 212159
+31 212139
+2 212139
+2 212139
+1 212139
-3 212159
+2 212159
+1 212159
+1 424298
+1 424298
+1 424298
+1 424298
+1 424298
+1 424298
+1 424298
+1 424298
+1 424298
+1 424298
+1 396094
549 396094
+1 396094
+9 792188
+4 28204
+1 28204
+1 28204
+9 56408
fe=(189)

fl=(82) ./string/../sysdeps/x86_64/multiarch/strnlen.c
fn=(292) strnlen
31 2
fi=(83)
+2 10
-1 4
+2 6
+2 4
+4 6
+3 8
fe=(82)
-12 2

fl=(111) ./wcsmbs/../sysdeps/x86_64/multiarch/wmemset.c
fn=(360) wmemset
31 2
fi=(112) ./wcsmbs/../sysdeps/x86_64/multiarch/ifunc-wmemset.h
+2 10
+1 6
+2 4
+8 6
+3 8
fe=(111)
-16 2

fl=(116) ./string/../sysdeps/x86_64/multiarch/strcasecmp_l.c
fn=(376) strcasecmp_l
31 1
fi=(201)
+1 5
fe=(116)
-1 1

ob=(2)
fl=(51)
fn=(640) 0x0000000000109120
0 2136240
cob=(3)
cfi=(180)
cfn=(642)
calls=1068120 53 
0 45682004

fn=(660) 0x0000000000109180
0 2484
cob=(3)
cfi=(182)
cfn=(662)
calls=1242 181 
0 19839

fn=(670) 0x0000000000109140
0 512
cob=(3)
cfi=(183)
cfn=(672)
calls=256 33 
0 40126

fn=(674)
0 2575364
cob=(3)
cfi=(179)
cfn=(630)
calls=1287682 50 
0 18041532

fn=(688) 0x0000000000109170
0 1287866
cob=(3)
cfi=(184)
cfn=(690)
calls=643933 28 
0 502635606

fn=(604)
0 740986
cob=(3)
cfi=(172)
cfn=(606)
calls=370493 60 
0 7061337

fn=(628) 0x0000000000109150
0 26192814
cob=(3)
cfi=(179)
cfn=(630)
calls=13096407 50 
0 183630896

fn=(702)
0 3862774
cob=(3)
cfi=(173)
cfn=(704)
calls=1931387 294 
0 36880062

fn=(478) 0x000000000483f000
0 6
cob=(4) /usr/libexec/valgrind/vgpreload_core-amd64-linux.so
cfi=(145) ???
cfn=(482) 0x0000000000001170
calls=1 0 
0 12
0 1
cob=(4)
cfi=(145)
cfn=(490) 0x00000000000012f0
calls=1 0 
0 5
0 2

fn=(570) 0x00000000001091a0
0 740262
cob=(3)
cfi=(164)
cfn=(572)
calls=370131 32 
0 64174183

fn=(632) 0x0000000000109130
0 1839250
cob=(3)
cfi=(180)
cfn=(634)
calls=919625 53 
0 28578419

fn=(746) 0x0000000000109110
0 2
cob=(3)
cfi=(197)
cfn=(748)
calls=1 30 
0 72

fn=(160) 0x0000000004002080
0 2
cob=(1)
cfi=(52) ./elf/./elf/dl-error-skeleton.c
cfn=(162) _dl_catch_error
calls=1 225 
0 2782

fn=(516)
0 7

fn=(542) 0x00000000001091d0
0 1980502
cob=(3)
cfi=(158)
cfn=(544)
calls=990251 3287 
0 182258314

fn=(594)
0 4
cob=(3)
cfi=(158)
cfn=(544)
calls=2 3287 
0 370

fn=(644) 0x00000000001091e0
0 250696
cob=(3)
cfi=(158)
cfn=(646)
calls=125348 3400 
0 15793848

fn=(450)
0 38
cob=(1)
cfi=(10) ./elf/./elf/dl-tunables.c
cfn=(24) __tunable_get_val
calls=19 402 
0 391
cob=(1)
cfi=(141) ./elf/../sysdeps/x86_64/dl-trampoline.h
cfn=(456) _dl_runtime_resolve_xsave
calls=1 67 
0 813
0 5

fn=(500)
0 2
cob=(3)
cfi=(148)
cfn=(502)
calls=1 46 
0 46

fn=(526)
0 2
cob=(1)
cfi=(49) ./elf/./elf/dl-audit.c
cfn=(530) _dl_audit_preinit
calls=1 117 
0 5
cob=(1)
cfi=(141)
cfn=(456)
calls=1 67 
0 824
0 5

fn=(608)
0 740986
cob=(3)
cfi=(173)
cfn=(610)
calls=370493 307 
0 5558298

fn=(620) 0x00000000001091c0
0 32
cob=(3)
cfi=(177)
cfn=(622)
calls=16 105 
0 1943

fn=(762) 0x000000000010adf8
0 4

fn=(652) 0x00000000001091b0
0 770
cob=(3)
cfi=(181)
cfn=(654)
calls=385 83 
0 8085

fn=(694)
0 3863158
cob=(3)
cfi=(186)
cfn=(696)
calls=1931579 51 
0 36700001

fn=(774) 0x000000000483f040
0 2
cob=(3)
cfi=(197)
cfn=(748)
calls=1 30 
0 72

fn=(164) 0x0000000004002050
0 6
cob=(1)
cfi=(52)
cfn=(166) _dl_catch_exception
calls=3 175 
0 9519

fn=(614) 0x0000000000109190
0 740260
cob=(3)
cfi=(175)
cfn=(616)
calls=370130 82 
0 12585113

fn=(712) 0x00000000001091f0
0 848596
cob=(3)
cfi=(189)
cfn=(714)
calls=424298 37 
0 19941986

fn=(766) 0x000000000483f334
0 3
cob=(4)
cfi=(145)
cfn=(768) 0x00000000000010e0
calls=1 0 
0 105
0 2

ob=(4)
fl=(145)
fn=(490)
0 5

fn=(768)
0 11
cob=(2)
cfi=(51)
cfn=(774)
calls=1 0 
0 74
0 10
cfn=(780) 0x0000000000001070
calls=1 0 
0 5
0 5

fn=(780)
0 5

fn=(482)
0 12

ob=(5)
fl=(157)
fn=(638) slice
51 8544960
+1 10681200
cob=(2)
cfi=(51)
cfn=(640)
calls=1068120 -52 
* 47818244
+1 3204360

fn=(710) cut_end
47 3394384
+1 2121490
cob=(2)
cfi=(51)
cfn=(628)
calls=424298 -48 
* 6788768
* 848596
+1 2121490

fn=(626) trie_insert
65 5176416
+1 369744
+1 739488
+2 1109232
cob=(2)
cfi=(51)
cfn=(628)
calls=369744 -69 
* 5915904
* 369744
+3 108174902
cfn=(636) match_until
calls=12019432 -16 
* 327482898
* 24038864
+1 7
+2 24039012
+1 335
cob=(2)
cfi=(51)
cfn=(628)
calls=67 -76 
* 1078
* 67
+2 2747
+1 2747
+1 536
cfn=(638)
calls=67 -29 
* 4419
+1 670
cfn=(638)
calls=67 -30 
* 5365
+2 536
cob=(2)
cfi=(51)
cfn=(644)
calls=67 -83 
* 8576
* 134
+1 402
+1 201
+1 134
cob=(2)
cfi=(51)
cfn=(542)
calls=67 -86 
* 12663
* 201
+1 268
+1 603
cob=(2)
cfi=(51)
cfn=(542)
calls=67 -88 
* 12261
* 67
+1 536
cob=(2)
cfi=(51)
cfn=(632)
calls=67 -89 
* 2153
+1 469
+1 201
+1 402
cfn=(627) trie_insert'2
calls=67 -27 
* 36316
* 134
+1 201
+2 24777970
+1 1848065
cob=(2)
cfi=(51)
cfn=(628)
calls=369613 -96 
* 5948586
* 369613
+1 15154133
+1 2956904
cfn=(638)
calls=369613 -47 
* 24394458
+1 2217678
cfn=(627)
calls=369613 -34 
* 1377385805
* 739226
+1 1108839
+3 23299518
+1 14
cob=(2)
cfi=(51)
cfn=(542)
calls=7 0 
* 1323
* 7
+1 42
+1 32
+1 30
cob=(2)
cfi=(51)
cfn=(542)
calls=6 0 
* 1098
* 5
cob=(2)
cfi=(51)
cfn=(542)
calls=1 0 
* 183
* 21
+1 49
cob=(2)
cfi=(51)
cfn=(632)
calls=7 0 
* 224
+1 21
+1 16
+1 14
+2 93198016
+1 114
+10 114
cob=(2)
cfi=(51)
cfn=(542)
calls=57 0 
* 10773
* 57
+1 228
+1 171
+1 114
+1 285
cob=(2)
cfi=(51)
cfn=(542)
calls=57 0 
* 10431
* 171
+1 399
cob=(2)
cfi=(51)
cfn=(632)
calls=57 0 
* 1824
+1 171
+1 114
+3 23299390
+1 34949085
-63 11649695
+66 4067184

fn=(627)
65 13189694
+1 942121
+1 1884242
+2 2826363
cob=(2)
cfi=(51)
cfn=(628)
calls=942121 -69 
* 15073936
* 942121
+3 155441015
cfn=(636)
calls=17250133 -16 
* 471966152
* 34500266
+1 94909
+2 34940646
+1 626405
cob=(2)
cfi=(51)
cfn=(628)
calls=125281 -76 
* 2007258
* 125281
+2 5136521
+1 5136521
+1 1002248
cfn=(638)
calls=125281 -29 
* 8005705
+1 1252810
cfn=(638)
calls=125281 -30 
* 10261450
+2 1002248
cob=(2)
cfi=(51)
cfn=(644)
calls=125281 -83 
* 16035968
* 250562
+1 751686
+1 375843
+1 250562
cob=(2)
cfi=(51)
cfn=(542)
calls=125281 -86 
* 23684531
* 375843
+1 501124
+1 1127529
cob=(2)
cfi=(51)
cfn=(542)
calls=125281 -88 
* 22933535
* 125281
+1 1002248
cob=(2)
cfi=(51)
cfn=(632)
calls=125281 -89 
* 4122663
+1 876967
+1 375843
+1 751686
cfn=(627)
calls=125281 -27 
* 68335827
* 250562
+1 375843
+2 35333842
+1 2235800
cob=(2)
cfi=(51)
cfn=(628)
calls=447160 -96 
* 7167940
* 447160
+1 18333560
+1 3577280
cfn=(638)
calls=447160 -47 
* 27534304
+1 2682960
cfn=(627)
calls=447160 -34 
* 679789510
* 894320
+1 1341480
+3 33545202
+1 189818
cob=(2)
cfi=(51)
cfn=(542)
calls=94909 0 
* 17940765
* 94909
+1 569454
+1 474545
+1 474545
cob=(2)
cfi=(51)
cfn=(542)
calls=94909 0 
* 17374934
* 284727
+1 664363
cob=(2)
cfi=(51)
cfn=(632)
calls=94909 0 
* 3090186
+1 284727
+1 189818
+1 189818
+2 133421536
+1 549542
+1 191462
cob=(2)
cfi=(51)
cfn=(542)
calls=95731 0 
* 18096617
* 95731
+1 287193
+1 191462
+1 478655
cob=(2)
cfi=(51)
cfn=(542)
calls=95731 0 
* 17524545
* 287193
+1 670117
cob=(2)
cfi=(51)
cfn=(632)
calls=95731 0 
* 3117009
+1 287193
+1 191462
+3 358080
cob=(2)
cfi=(51)
cfn=(542)
calls=179040 0 
* 33846217
* 179040
+1 716160
+1 537120
+1 358080
+1 895200
cob=(2)
cfi=(51)
cfn=(542)
calls=179040 0 
* 32775052
* 537120
+1 1253280
cob=(2)
cfi=(51)
cfn=(632)
calls=179040 0 
* 5458353
+1 537120
+1 358080
+3 32805842
+1 49208763
-63 16402921
+66 10363331

fn=(636)
56 146435250
+1 29287050
+1 29287050
+1 351199808
+1 2870070
-2 181462440
+4 817641
+1 58574100

fn=(568) readline
40 1110393
+1 2220786
cob=(2)
cfi=(51)
cfn=(570)
calls=370131 -41 
* 64914445
* 740262
+1 1850650
cob=(2)
cfi=(51)
cfn=(614)
calls=370130 -42 
* 13325373
* 740260
+1 740260
+1 1
+1 740262

fn=(668) map
32 79790565
+1 32644599
+1 70321274
+1 72162865
+1 14432119
+1 13087204
+1 31916226

fn=(658) revalidate_trie
266 75
+1 45
+1 120
cfn=(659) revalidate_trie'2
calls=15 -2 
* 1469042
+1 120
cfn=(659)
calls=15 -3 
* 93905467
+1 45

fn=(659)
266 20733615
+1 12440169
+1 20600344
cfn=(659)
calls=1003363 -2 
* 242860130
+1 29160212
cfn=(659)
calls=3143330 -3 
* 7479581805
+1 12440169

fn=(664) is_in_trie
158 3615
+2 723
cob=(2)
cfi=(51)
cfn=(628)
calls=241 0 
* 3856
* 241
+1 9640
+1 241
+1 39830
cfn=(636)
calls=5690 56 
* 155558
* 5690
+1 11380
+1 1205
cob=(2)
cfi=(51)
cfn=(628)
calls=241 0 
* 3878
* 723
+1 1928
cob=(2)
cfi=(51)
cfn=(628)
calls=241 0 
* 3878
* 1446
cfn=(638)
calls=241 51 
* 15906
+1 1446
cfn=(665) is_in_trie'2
calls=241 -9 
* 641515
* 241
+2 10898
+4 16347
-11 11380
+13 241
+1 2410

fn=(665)
158 9765
+2 1953
cob=(2)
cfi=(51)
cfn=(628)
calls=651 0 
* 10416
* 651
+1 26040
+1 651
+1 82565
cfn=(636)
calls=11795 56 
* 328801
* 11795
+1 23590
+1 3135
cob=(2)
cfi=(51)
cfn=(628)
calls=627 0 
* 10040
* 3201
+1 3256
cob=(2)
cfi=(51)
cfn=(628)
calls=407 0 
* 6518
* 2442
cfn=(638)
calls=407 51 
* 26953
+1 2442
cfn=(665)
calls=407 -9 
* 295088
* 407
+2 22336
+1 24
cfn=(638)
calls=3 51 
* 204
+1 18
cfn=(665)
calls=3 -13 
* 270
* 3
+2 33495
-11 23632
+13 42
+1 63
-1 630
+1 6447

fn=(666) play_round
179 2640
+1 8800
+2 113520
+2 440
+1 4400
+1 11000
+1 104
+1 104
+1 208
+1 182
cfn=(668)
calls=26 32 
* 499
* 156
-6 7260
+9 440
+1 7700
cfn=(668)
calls=1100 32 
* 21450
* 1100
+1 6600
+1 9666
+1 1074
+3 2148
+1 52120
+1 76
+1 304
+1 304
+1 456
-5 55590
+9 4296
+1 4990
+1 80676
+2 18
-20 7260
+24 226646
+1 1100
+1 660
cob=(2)
cfi=(51)
cfn=(670)
calls=220 0 
* 34983
* 220
+1 1540

fn=(708) print_trie
140 432
+1 108
+5 157
+1 33
cob=(2)
cfi=(51)
cfn=(628)
calls=11 0 
* 176
* 385
+1 55
cfn=(710)
calls=11 47 
* 396
+1 55
cob=(2)
cfi=(51)
cfn=(632)
calls=11 0 
* 374
+1 77
cob=(2)
cfi=(51)
cfn=(712)
calls=11 0 
* 550
+1 55
cob=(2)
cfi=(51)
cfn=(628)
calls=11 0 
* 176
* 11
+1 77
cfn=(709) print_trie'2
calls=11 -12 
* 10109000
* 11
+2 297
cfn=(709)
calls=27 -14 
* 693654037
+2 324

fn=(709)
140 33876656
+1 8469164
+1 13361992
cob=(2)
cfi=(51)
cfn=(688)
calls=643713 0 
* 503785222
+1 13965595
cfn=(709)
calls=1130105 -3 
* 6183642527
+13 1130105
-10 3866454
+1 1272861
cob=(2)
cfi=(51)
cfn=(628)
calls=424287 0 
* 6788592
* 14850045
+1 2121435
cfn=(710)
calls=424287 47 
* 15274332
+1 2121435
cob=(2)
cfi=(51)
cfn=(632)
calls=424287 0 
* 14617803
+1 2970009
cob=(2)
cfi=(51)
cfn=(712)
calls=424287 0 
* 20790032
+1 2121435
cob=(2)
cfi=(51)
cfn=(628)
calls=424287 0 
* 6799464
* 424287
+1 2970009
cfn=(709)
calls=424287 -12 
* 1831591058
* 424287
+2 6354331
cfn=(709)
calls=562861 -14 
* 49863232792
+2 25407492

fn=(540)
299 13
+1 1
+1 2
cob=(2)
cfi=(51)
cfn=(542)
calls=1 0 
* 1810
* 1
+6 2
cfn=(568)
calls=1 40 
* 727
+1 5
cob=(2)
cfi=(51)
cfn=(620)
calls=1 0 
* 108
* 1
+3 40
+1 6
cob=(2)
cfi=(51)
cfn=(542)
calls=1 0 
* 183
* 1
+1 6
cob=(2)
cfi=(51)
cfn=(542)
calls=1 0 
* 183
* 1
+3 1
+1 1
+1 1
+1 119298
cfn=(568)
calls=59649 40 
* 13920722
+1 178947
+1 298230
cfn=(626)
calls=59646 65 
* 296963011
* 59646
+1 238584
+2 15
cob=(2)
cfi=(51)
cfn=(652)
calls=3 0 
* 69
* 16
cob=(2)
cfi=(51)
cfn=(652)
calls=2 0 
* 46
* 4
+1 1
-7 238600
+11 322
cob=(2)
cfi=(51)
cfn=(542)
calls=64 0 
* 11712
* 706
+3 3
cfn=(656) newGameReset
calls=1 -60 
* 1775271
+2 1
+3 951
+3 380
cob=(2)
cfi=(51)
cfn=(652)
calls=76 0 
* 1748
* 152
+1 216
cob=(2)
cfi=(51)
cfn=(660)
calls=27 0 
* 513
+1 135
cfn=(708)
calls=27 140 
* 703766786
* 27
+4 245
cob=(2)
cfi=(51)
cfn=(652)
calls=49 0 
* 1127
* 98
+1 35
+1 35
+1 620266
cfn=(568)
calls=310133 40 
* 72379650
+1 930399
+1 1550490
cfn=(626)
calls=310098 65 
* 1847939832
* 310098
+1 1240392
+3 35
-7 1240672
+9 175
cob=(2)
cfi=(51)
cfn=(660)
calls=35 0 
* 490
+1 35
+1 175
cfn=(686) validate_trie
calls=35 222 
* 1699709570
* 35
+4 70
cob=(2)
cfi=(51)
cfn=(652)
calls=14 0 
* 322
* 28
+1 42
cfn=(656)
calls=14 -92 
* 93655450
* 14
+4 1928
cob=(2)
cfi=(51)
cfn=(652)
calls=241 0 
* 5543
* 482
+6 723
+2 1205
cfn=(664)
calls=241 158 
* 944216
* 482
+1 1100
cob=(2)
cfi=(51)
cfn=(632)
calls=220 0 
* 6600
+1 1100
cfn=(666)
calls=220 179 
* 670730
+1 1100
cob=(2)
cfi=(51)
cfn=(660)
calls=220 0 
* 3080
+1 220
+1 1100
cfn=(686)
calls=220 222 
* 7890114782
+1 1320
cob=(2)
cfi=(51)
cfn=(688)
calls=220 0 
* 138250
+1 660
+1 705
cob=(2)
cfi=(51)
cfn=(670)
calls=15 0 
* 2400
* 15
+4 63
cob=(2)
cfi=(51)
cfn=(670)
calls=21 0 
* 3255
-54 636
cfn=(568)
calls=318 40 
* 74558
* 636
+58 2
+1 10

fn=(656)
272 75
+4 30
+3 45
cfn=(658)
calls=15 -13 
* 95374914
+3 30
+1 300
-1 495
+2 30
+1 10560
cob=(2)
cfi=(51)
cfn=(660)
calls=960 0 
* 18240
+1 5760
+1 5760
-3 4830
+7 30
cfn=(568)
calls=15 40 
* 3495
+1 75
cob=(2)
cfi=(51)
cfn=(632)
calls=15 0 
* 480
+3 30
cfn=(568)
calls=15 40 
* 3540
+1 75
cob=(2)
cfi=(51)
cfn=(620)
calls=15 0 
* 1867
* 15
+1 45

fn=(686)
222 3060
+2 510
+2 4335
+2 1275
+1 625
cob=(2)
cfi=(51)
cfn=(628)
calls=125 0 
* 2000
* 250
+1 500
+18 250
+1 1000
cfn=(668)
calls=125 32 
* 1500
* 125
+1 750
+1 1295
+1 1586
-1 244
+2 672
-1 224
+2 39
-6 1750
+9 1857
cfn=(687) validate_trie'2
calls=112 -35 
* 142664052
+4 1020
+1 1785
cfn=(687)
calls=255 -40 
* 9447131863
+2 1785

fn=(687)
222 220972092
+2 36828682
+2 313043797
+2 92071705
+1 47834970
cob=(2)
cfi=(51)
cfn=(628)
calls=9566994 0 
* 153291246
* 19133988
+1 38267976
+1 11260906
+1 94293016
cfn=(668)
calls=11786627 32 
* 232101441
* 11786627
+1 70719762
+1 118936250
+1 152327136
-1 23434944
+2 2424003
-5 148987141
+8 11260906
+1 2154547332
+1 1613674434
-1 537891478
+1 14682924
+1 3424221
-3 2711775956
+6 42876445
+3 7873082
+1 33361880
cfn=(668)
calls=4170235 32 
* 82229962
* 4170235
+1 25021410
+1 43406020
+1 52840632
-1 8129328
+2 22879146
-1 7626382
+1 80700
+1 1071198
-6 57800388
+9 59056930
cfn=(687)
calls=3579475 -35 
* 25560393651
+4 73657364
+1 103841493
cfn=(687)
calls=14834499 -40 
* 760929224541
+2 128900387

fl=(150)
fn=(756) 0x0000000000001230
0 5

fn=(740) 0x00000000000012a0
0 9
cob=(2)
cfi=(51)
cfn=(746)
calls=1 0 
0 74
0 1
cfn=(756)
calls=1 0 
0 5
0 3

fn=(508) (below main)
0 12
cob=(3)
cfi=(151)
cfn=(510)
calls=1 242 
0 12629138587

fn=(520)
0 12

ob=(1)
fl=(45) ./string/./string/strdup.c
fn=(140) strdup
40 15
+1 3
cfi=(22) ./string/../sysdeps/x86_64/multiarch/strlen-vec.S
cfn=(60) strlen
calls=3 * 
* 87
* 3
fi=(208) ./string/../include/rtld-malloc.h
+15 6
cfi=(27) ./elf/./elf/dl-minimal-malloc.c
cfn=(76) __minimal_malloc
calls=3 -21 
* 75
fe=(45)
-12 6
+4 3
-1 9
+1 6
-1 3
cfi=(29) ./string/../sysdeps/x86_64/multiarch/memmove-vec-unaligned-erms.S
cfn=(80) memcpy
calls=3 212 
* 41

fl=(60) ./misc/../sysdeps/unix/sysv/linux/mmap64.c
fn=(194) mmap
47 24
+3 24
+8 48
+2 12

fl=(10)
fn=(54) __GI___tunable_set_val
157 15
-55 5
+55 5
-55 5
+55 5
-55 35
+9 5
+1 5
fi=(209) ./elf/./dl-tunable-types.h
-22 10
fe=(10)
+22 20
+1 40
fi=(11) ./elf/./elf/dl-tunables.h
+8 10
+1 5
fe=(10)
-6 15
fi=(11)
+15 5
fe=(10)
-12 10
+4 10
+7 10
+1 10
+3 30
+1 5
+1 5
+1 5
+24 5
fi=(11)
-30 15
fe=(10)

fn=(18) __GI___tunables_init
279 9
-9 9
71 185
+6 36
-3 72
+3 3016
+4 72
+5 72
fi=(11)
+54 36
fe=(10)
-54 144
fi=(11)
+55 94
-1 77
+1 22
-1 36
+1 72
fe=(10)
320 144
-18 5040
+6 7920
fi=(11)
140 324
+1 648
-1 20
+1 80
-1 100
fe=(10)
354 8
74 72

fn=(24)
402 33
+3 231
+9 33
-9 126
+9 10
+17 165
+2 33
-9 23
+1 23

fl=(49)
fn=(466) _dl_audit_activity_nsid
40 6
+4 3
-4 3
+4 3
-4 3
+4 3
-4 6
+4 3
+1 3
+1 12
+4 18

fn=(154) _dl_audit_activity_map
28 6
+2 1
-1 1
+1 2
+6 6

fn=(530)
117 1
+1 4

fn=(206) _dl_audit_objopen
76 2
+1 8

fn=(764) _dl_audit_objclose
96 4
+1 16

fl=(2) ./elf/./elf/rtld.c
fn=(64) dl_main
1320 2
205 1
311 1
1320 2
2818 1
1320 3
2829 1
1320 2
2698 1
1320 2
311 1
1320 3
207 1
310 1
205 1
+99 3
1332 1
cfi=(24) ./elf/../sysdeps/nptl/dl-tls_init_tp.c
cfn=(66) __tls_pre_init_tp
calls=1 53 
* 17
2677 3
+6 5
-4 1
+4 1
+2 3
cfi=(25) ./elf/./elf/dl-environ.c
cfn=(68) _dl_next_ld_env_entry
calls=1 28 
* 41
* 4
cfi=(25)
cfn=(68)
calls=2 28 
* 212
* 9
+4 6
-2 2
+2 6
+1 2
-1 6
+1 17
-1 89
+9 12
2845 4
+32 2
1348 1
+1 2
-1 2
+1 2
2774 3
+1 3
-56 2
+7 2
1627 9
cfi=(26) ./elf/./elf/dl-object.c
cfn=(70) _dl_new_object
calls=1 59 
* 230
* 1
+2 2
+1 1
+6 2
-6 1
+1 2
+1 3
+4 1
cfi=(26)
cfn=(82) _dl_add_to_namespace_list
calls=1 31 
* 36
+1 2
1140 1
1326 1
1169 1
-29 1
+11 1
+18 2
-21 1
+21 1
-19 1
-4 1
+23 1
-21 1
+21 2
+57 1
-83 1
+23 1
+4 1
+19 1
+22 1
+15 5
-56 116
1275 4
+2 1
1169 18
fi=(30) ./elf/../sysdeps/x86/dl-prop.h
105 2
fe=(2)
1282 22
+6 4
cfi=(31) ./elf/./elf/dl-load.c
cfn=(88) _dl_process_pt_gnu_property
calls=1 868 
* 20
-7 26
+1 13
+6 13
-6 26
fi=(30)
212 4
+1 2
95 8
+10 2
212 1
105 1
-2 1
-3 1
+2 1
+3 1
-4 2
+92 4
-1 1
-87 3
+3 3
+1 2
+1 2
+4 3
+4 3
+3 3
+1 2
+4 1
+1 4
+58 3
+2 4
-56 4
+1 2
+3 4
+3 2
+1 8
+5 4
+2 4
+5 4
+14 2
-1 4
+2 2
fe=(2)
1174 1
-5 1
+5 2
-5 2
+30 1
-9 1
+27 1
-27 1
+2 1
-3 1
+10 2
-20 2
-10 1
+10 1
+1 9
-11 2
+57 4
-1 4
+1 8
-1 4
+2 8
+1 1
+2 12
+1 14
+4 8
+1 8
+1 4
+1 10
+1 1
+4 1
-74 1
+74 2
-74 2
+74 3
-74 3
+74 6
-74 6
fi=(30)
165 2
fe=(2)
1271 1
1169 1
1271 1
1169 2
1294 1
+3 2
+2 1
-5 2
+3 2
+2 2
+2 2
1662 3
+2 1
-1 1
+1 2
+1 2
-2 1
+2 1
-2 2
cfi=(32) ./string/../sysdeps/x86_64/strcmp.S
cfn=(90) strcmp
calls=1 108 
* 34
* 2
+7 1
+3 1
-5 1
+3 1
+2 1
+1 2
+4 2
+2 2
fi=(3) ./elf/./get-dynamic-info.h
39 3
+6 1
-2 1
+2 2
+9 1
+5 1
+3 1
+2 1
-3 1
-3 1
-3 17
+13 5
-23 20
+23 21
-23 84
+4 52
+5 24
+2 5
+16 3
+25 3
+5 2
+7 2
+1 3
+22 3
+5 2
+2 2
+2 2
+2 2
+1 1
+3 3
+2 3
+1 2
+9 2
+6 2
+1 2
+3 2
fe=(2)
1688 3
+7 2
cfi=(8) ./elf/./elf/dl-setup_hash.c
cfn=(14) _dl_setup_hash
calls=1 25 
* 29
+3 2
fi=(33) ./elf/./setup-vdso.h
24 2
fi=(35) ./elf/../sysdeps/unix/sysv/linux/dl-vdso-setup.h
+21 1
fe=(2)
1723 1
cfi=(13) ./elf/../sysdeps/unix/sysv/linux/dl-sysdep.c
cfn=(100) _dl_discover_osversion
calls=1 46 
* 100
* 8
fi=(37) ./elf/./dl-main.h
109 5
cfi=(31)
cfn=(106) _dl_init_paths
calls=1 706 
* 2926
fe=(2)
1731 3
cfi=(46) ./elf/./elf/dl-debug.c
cfn=(146) _dl_debug_initialize
calls=1 56 
* 30
+7 1
-7 1
+2 1
+5 1
+4 1
+3 1
-3 3
+1 2
+3 1
+5 1
-7 1
+7 1
+1 3
+12 2
+1 2
+5 1
-3 2
+2 1
+1 2
+5 3
+1 5
-1 2
233 1
-1 1
+1 3
+1 2
-2 1
+2 2
1793 2
+5 1
-1 1
+1 1
+24 1
cfi=(47) ./elf/../elf/dl-tls.c
cfn=(148) _dl_count_modids
calls=1 197 
* 6
* 1
fi=(48) ./elf/../sysdeps/generic/dl-debug.h
29 3
+1 2
fe=(2)
1828 2
+1 1
cfi=(46)
cfn=(152) _dl_debug_state
calls=1 116 
* 2
+1 1
+4 3
cfi=(49)
cfn=(154)
calls=1 28 
* 16
+5 3
+2 1
+2 2
+9 2
+16 4
cfi=(65) ./io/../sysdeps/unix/sysv/linux/access.c
cfn=(208) access
calls=1 25 
* 9
* 2
+76 4
+16 3
85 1
1970 1
85 2
1970 2
85 1
1970 5
cfi=(66) ./elf/./elf/dl-deps.c
cfn=(210) _dl_map_object_deps
calls=1 159 
* 8271
92 1
1976 1
92 2
+9 2
1976 2
+1 5
-1 4
+1 6
-1 12
+4 4
+1 3
+1 1
+2 2
+1 4
-1 9
+1 9
+12 3
+1 2
+2 1
+2 3
+2 1
-4 1
+5 1
-1 2
+14 2
+1 2
+1 3
+11 2
+2 1
-2 1
+2 2
-2 1
+1 2
+1 1
-1 2
+1 1
cfi=(52)
cfn=(248) _dl_receive_error
calls=1 238 
* 3505
+10 2
+1 2
+3 2
862 1
fi=(210) ./elf/../sysdeps/unix/sysv/linux/dl-osinfo.h
64 2
fe=(2)
864 1
+6 1
+3 1
+7 1
-5 1
2052 3
2282 3
1778 2
+6 1
-6 2
+6 1
+2 3
fi=(30)
198 4
+2 1
+1 1
+2 1
-3 3
+3 1
fi=(3)
59 4
+3 4
+2 4
fi=(34) ./elf/../sysdeps/unix/sysv/linux/dl-vdso.h
-24 1
+1 2
fe=(2)
2331 1
1325 1
2342 1
-4 2
+10 1
-6 1
+6 1
+3 2
+8 1
fi=(30)
36 1
fe=(2)
2359 1
fi=(30)
37 3
+3 1
+13 6
-13 3
+9 6
-9 1
+9 20
+4 15
-16 12
+34 3
cfi=(76) ./elf/../sysdeps/x86/dl-cet.c
cfn=(268) _dl_cet_check
calls=1 252 
* 30
fe=(2)
2361 2
+54 3
+3 1
85 4
2422 1
+1 19
+2 8
+5 8
+2 8
+6 4
+2 12
+1 24
cfi=(77) ./elf/./elf/dl-reloc.c
cfn=(270) _dl_relocate_object
calls=3 194 
* 81994
+4 10
+1 2
-23 1
+23 1
cfi=(47)
cfn=(412) _dl_add_to_slotinfo
calls=1 1015 
* 28
-23 6
92 3
+1 1
2454 1
93 1
2454 1
+5 4
+2 1
+7 3
cfi=(47)
cfn=(414) _dl_allocate_tls_init
calls=1 528 
* 146
+3 2
fi=(3)
72 2
+10 3
+1 4
+1 4
+1 4
+2 4
+5 4
+1 4
+1 5
fi=(35)
-64 3
+3 1
+3 1
+3 1
fi=(34)
+16 2
fe=(2)
2434 1
+1 1
-3 2
+49 3
+2 4
+10 1
cfi=(129) ./elf/./elf/dl-find_object.c
cfn=(416) _dl_find_object_init
calls=1 561 
* 571
+5 2
cfi=(7) ./elf/./elf/dl-minimal.c
cfn=(424) __rtld_malloc_init_real
calls=1 76 
* 2372
+3 1
cfi=(133) ./elf/../sysdeps/nptl/dl-mutex.c
cfn=(432) __rtld_mutex_init
calls=1 30 
* 415
85 1
2507 1
+1 3
85 3
2508 2
cfi=(77)
cfn=(270)
calls=1 194 
* 4806
92 3
+9 2
2516 3
cfi=(135) ./elf/./elf/dl-call-libc-early-init.c
cfn=(438) _dl_call_libc_early_init
calls=1 27 
* 1309
+7 1
cfi=(9) ./elf/../elf/dl-sysdep.c
cfn=(464) _dl_sysdep_start_cleanup
calls=1 262 
* 2
+4 3
cfi=(49)
cfn=(466)
calls=1 40 
* 21
+5 2
cfi=(46)
cfn=(186) _dl_debug_update
calls=1 38 
* 7
+1 1
-1 1
+2 1
cfi=(46)
cfn=(152)
calls=1 116 
* 2
+1 1
+4 1
cfi=(68) ./elf/./elf/dl-cache.c
cfn=(468) _dl_unload_cache
calls=1 537 
* 18
+5 8
1741 4
1995 2
+50 2
cfn=(256) init_tls
calls=1 756 
* 784
* 2
2726 4
+2 2
+1 1
+46 2
+2 1
+1 1
-1 1
+1 1
+1 1
85 1
1847 1
85 2
1847 1
85 1
1847 2
cfn=(156) handle_preload_list
calls=1 894 
* 3107
* 1
92 3
+9 3
1948 16
+1 1
-1 1
+4 3
+1 1
+1 2
+1 2
-7 2
fi=(30)
170 3
-39 2
fe=(2)

fn=(250) version_check_doit
696 3
+2 4
cfi=(74) ./elf/./elf/dl-version.c
cfn=(252) _dl_check_all_versions
calls=1 361 
* 3477
* 2
+4 2

fn=(156)
894 10
+5 1
-5 2
+5 2
+6 1
-64 1
+54 3
+7 3
cfi=(50) ./string/../sysdeps/x86_64/strcspn.S
cfn=(158) strcspn
calls=1 25 
* 233
* 1
+1 3
+9 1
191 1
914 2
191 2
916 2
-80 1
+5 5
-10 1
+8 1
-4 1
+1 1
+1 1
+4 1
cob=(2)
cfi=(51)
cfn=(160)
calls=1 0 
* 2784
+1 3
+8 3
+67 1
-18 2
+21 9
-15 4
cfi=(29)
cfn=(80)
calls=1 212 
* 19
+1 2

fn=(170) map_doit
663 2
+2 1
-2 1
+2 1
+1 2
-1 2
+1 3
cfi=(31)
cfn=(172) _dl_map_object
calls=1 2022 
* 2683
* 1
+2 2

fn=(2) _dl_start
527 10
85 1
fi=(6) ./elf/../sysdeps/x86_64/dl-machine.h
-40 1
fe=(2)
557 1
-4 1
85 2
556 1
85 1
fi=(3)
-40 1
fe=(2)
556 1
fi=(3)
45 2
+9 1
+5 1
+3 1
+2 1
+4 1
-7 1
-3 1
-3 14
+13 4
-23 16
+23 14
-23 56
+4 36
+5 20
+2 5
+3 4
fi=(4) ./elf/../sysdeps/generic/ldsodefs.h
+21 1
fi=(3)
-8 3
+10 4
+1 4
+1 4
+1 4
+2 4
+5 4
+1 4
+1 4
+3 3
+5 2
+7 3
+1 3
+8 2
+1 2
+5 3
+3 3
fe=(2)
573 1
fi=(6)
71 1
fe=(2)
573 42
fi=(6)
414 1
fi=(5) ./elf/./elf/do-rel.h
86 1
fe=(2)
573 2
fi=(5)
49 1
+37 1
-37 1
+37 1
+2 1
-2 1
+2 1
-2 1
+27 2
-27 1
fe=(2)
573 2
fi=(5)
49 1
+37 1
-37 1
+37 1
+2 1
-2 1
+2 1
-2 1
+27 3
+1 2
fi=(6)
534 2
fi=(5)
114 282
fi=(6)
534 282
+1 142
fi=(5)
113 142
fi=(6)
535 284
fi=(5)
113 284
+5 4
+8 7
fi=(6)
326 12
fi=(5)
126 21
+2 7
+2 7
-2 7
fi=(6)
287 7
fi=(5)
130 7
-2 7
+1 14
fi=(6)
287 14
+9 70
+3 14
+27 33
fe=(2)
573 6
fi=(5)
50 1
fi=(4)
+30 2
fi=(6)
326 2
+20 12
+1 6
fe=(2)
575 1
+13 1
cfi=(7)
cfn=(12) __rtld_malloc_init_stubs
calls=1 42 
* 10
+4 2
85 1
488 2
85 3
488 1
cfi=(8)
cfn=(14)
calls=1 25 
* 29
+2 2
-1 1
+1 2
+17 1
-15 1
-2 1
+17 1
-15 1
+9 1
-11 1
+17 1
cfi=(9)
cfn=(16) _dl_sysdep_start
calls=1 85 
* 138860
* 1
+2 2
+98 9
fi=(3)
62 4
+2 4
fe=(2)
573 3

fn=(256)
756 3
+2 1
+4 1
-4 1
+4 2
+11 1
fi=(28) ./elf/../include/rtld-malloc.h
44 1
fe=(2)
768 1
+4 1
fi=(28)
44 1
cfi=(27)
cfn=(72) __minimal_calloc
calls=1 +34 
* 36
fe=(2)
783 1
-12 1
+6 1
-9 1
+11 1
+4 1
+2 3
-1 2
+3 8
+4 1
+2 1
-2 2
-5 1
-1 2
+10 3
+3 2
cfi=(47)
cfn=(258) _dl_tls_static_surplus_init
calls=1 97 
* 79
+3 1
cfi=(47)
cfn=(260) _dl_determine_tlsoffset
calls=1 221 
* 76
+7 1
cfi=(47)
cfn=(262) _dl_allocate_tls_storage
calls=1 422 
* 442
* 1
+1 2
+6 1
+3 2
-3 1
+3 6
+3 1
cfi=(24)
cfn=(264) __tls_init_tp
calls=1 68 
* 75
+1 1
+3 5
-39 3
-1 7

fl=(29)
fn=(80)
212 17
+1 17
+6 17
+1 17
+2 10
+1 10
+1 10
+2 7
+1 7
+1 7
+2 7
360 7
+1 7
+2 1
+4 1
+1 1
+1 1
+1 1
+1 1
+4 1
+2 1
+39 6
+1 6
+1 6
+1 6
+1 6
+7 3
+1 3
+1 3
+1 3
+1 3
+1 3
+1 3
+11 3
+1 3
+2 3
+1 3
+1 3

fn=(128) mempcpy
199 32
+1 32
+1 32
+1 32
+17 32
+1 32
+2 6
+1 6
+1 6
+2 5
+1 5
+1 5
+2 5
360 26
+1 26
+2 8
+4 8
+1 3
+1 3
+1 2
+1 2
+1 2
+1 2
+2 2
+2 3
+6 5
+1 5
+1 5
+1 5
+1 5
+29 18
+1 18
+1 18
+1 18
+1 18
+7 1
+1 1
+1 1
+1 1
+1 1
+1 1
+1 1
+11 1
+1 1
+2 1
+1 1
+1 1

fl=(64) ./io/../sysdeps/unix/sysv/linux/close_nocancel.c
fn=(204) __GI___close_nocancel
25 3
+1 12
+1 3

fl=(13)
fn=(100)
46 5
+2 3
+40 2
cfi=(36) ./posix/../sysdeps/unix/syscall-template.S
cfn=(102) uname
calls=1 +32 
* 6
+15 1
-15 2
+20 1
-1 1
+3 12
+4 3
-2 6
+2 11
+3 2
-1 2
+1 6
-3 8
+7 3
-1 3
+4 3
-2 3
+2 12
+9 5

fl=(43) ./string/../sysdeps/x86_64/memcmp.S
fn=(124) bcmp
22 1
+5 1
+1 1
+1 1
+1 1
+1 1
+1 1
+1 1
+1 1
+3 1
+1 1
+1 1
+1 1
+1 1
+1 1
+1 1
+1 1
+1 1
+2 1
+1 1
+17 1
+1 1
+17 1
+1 1
+1 1
+1 1
+1 1
+4 1
+47 1
+1 1
+1 1
+1 1
+1 1
+1 1
+1 1
+1 1
+1 1
+1 1
+1 1
+1 1
+1 1

fl=(53) ./setjmp/../sysdeps/x86_64/setjmp.S
fn=(168) __sigsetjmp
30 3
+2 3
+9 3
+1 6
+1 3
+4 3
+1 3
+1 3
+1 3
+1 3
+2 6
+2 3
+1 3
+1 3
+2 6
+2 3
+8 3
+3 3
+1 3
+7 3
+1 3

fl=(128) ./misc/../sysdeps/unix/syscall-template.S
fn=(410) mprotect
117 20
+5 4

fn=(470) munmap
117 5
+5 1

fl=(71) ./io/../sysdeps/unix/sysv/linux/pread64_nocancel.c
fn=(232) __pread64_nocancel
25 8
+1 16
+1 4

fl=(144) ./elf/./elf/dl-init.c
fn=(474) _dl_init
77 12
+1 1
+1 1
+3 3
+8 2
+25 1
+1 5
+1 2
-86 4
+86 6
-86 12
+2 20
cfn=(476) call_init.part.0
calls=3 -7 
* 211
+83 12
+7 8
-92 4
+2 6
cfn=(476)
calls=1 -7 
* 61
+52 2

fn=(476)
26 32
+13 4
-13 4
+16 4
-3 8
+3 8
+5 6
+8 9
+1 6
cob=(2)
cfi=(51)
cfn=(478)
calls=1 -56 
* 26
+3 3
+1 6
+6 2
+2 2
-2 1
+3 7
+1 4
cob=(3)
cfi=(149)
cfn=(504)
calls=1 +13 
* 12
* 4
cob=(3)
cfi=(146)
cfn=(496)
calls=1 -24 
* 92
-1 6
+3 24
-29 2

fl=(47)
fn=(262)
422 2
+13 1
-13 2
+2 1
+12 1
fi=(28)
56 1
cfi=(27)
cfn=(76)
calls=1 -21 
* 53
fe=(47)
437 3
+8 2
fi=(28)
44 1
fe=(47)
445 2
+1 1
+4 321
+19 1
-99 1
+4 1
+1 1
fi=(28)
44 1
cfi=(27)
cfn=(72)
calls=1 +34 
* 36
fe=(47)
376 2
+3 1
+6 2
+90 5

fn=(412)
1015 8
+6 1
+3 1
+1 1
+4 3
+34 2
+3 3
+1 3
+3 6

fn=(148)
197 1
+2 2
+1 1
+15 2

fn=(260)
221 8
+6 3
+3 2
+36 3
+2 1
-2 1
-2 1
-40 1
-1 1
-1 1
+46 2
+23 3
+3 1
-3 4
+2 2
-2 1
-25 1
+20 1
-20 5
+2 2
+3 1
-1 1
+5 2
-5 1
+1 1
-1 1
+3 2
+2 3
+32 3
-1 1
+1 4
+2 2
-2 2
+53 8

fn=(236) _dl_assign_tls_modid
131 2
+3 1
+13 1
-13 1
+52 1
+2 1
+3 1
+1 2

fn=(258)
97 2
+4 1
-4 2
+4 1
-4 2
+4 3
cfi=(10)
cfn=(24)
calls=1 402 
* 21
* 1
+1 4
cfi=(10)
cfn=(24)
calls=1 402 
* 21
* 1
+8 1
-8 1
+6 2
+2 3
+3 1
+2 1
-32 3
+34 3
+1 5

fn=(414)
528 10
+1 2
+4 1
+6 1
-6 1
+6 1
cfi=(24)
cfn=(84) rtld_mutex_dummy
calls=1 42 
* 3
+3 3
+12 1
-18 1
-1 1
+43 3
-19 13
+9 3
+1 2
+6 3
+1 1
+2 2
-2 1
+6 1
-4 2
+4 1
-4 2
+3 2
+4 2
+1 4
+2 2
+1 2
+17 1
-8 1
+8 1
+2 3
cfi=(29)
cfn=(128)
calls=1 199 
* 13
* 5
cfi=(44) ./string/../sysdeps/x86_64/multiarch/memset-vec-unaligned-erms.S
cfn=(132) memset
calls=1 125 
* 25
-49 1
+55 1
-55 4
+6 4
+55 2
cfi=(24)
cfn=(84)
calls=1 42 
* 3
+3 2
+3 9

fl=(9)
fn=(16)
85 4
+25 1
-25 6
+25 1
-1 1
+1 117
+11 1
-8 1
+1 1
-4 1
+3 1
+6 1
+2 13
-34 1
-1 1
+36 110
+3 1
+1 1
-5 81
+57 1
-57 1
+58 1
-1 1
-57 3
+29 1
-29 1
+30 1
-1 1
-29 3
+41 1
-41 1
+42 1
-1 1
-41 3
+35 1
-35 1
+36 1
-1 1
-35 3
+32 1
-32 1
+33 1
-1 1
-32 4
+13 1
-13 1
+14 1
-1 1
-13 3
+10 1
-10 1
+11 1
-1 1
-10 3
+7 1
-7 4
224 1
cfi=(10)
cfn=(18)
calls=1 +55 
* 18308
+3 1
cfi=(12) ./elf/./elf/dl-sort-maps.c
cfn=(22) _dl_sort_maps_init
calls=1 +52 
* 32
fi=(13)
36 2
cfi=(14) ./elf/../sysdeps/unix/sysv/linux/brk.c
cfn=(28) brk
calls=1 -1 
* 8
fi=(6)
215 1
cfi=(15) ./elf/../sysdeps/x86/dl-get-cpu-features.c
cfn=(32) _dl_x86_init_cpu_features
calls=1 37 
* 7211
fe=(9)
+23 3
+1 1
cfi=(22)
cfn=(60)
calls=1 41 
* 17
* 1
+2 2
cfi=(23) ./elf/../misc/sbrk.c
cfn=(62) sbrk
calls=1 37 
* 15
* 3
+12 3
+3 5
cfi=(2)
cfn=(64)
calls=1 1320 
* 112838
+2 9

fn=(464)
262 1
+1 1

fl=(16) ./elf/../sysdeps/x86/cpu-features.c
fn=(40) update_active.constprop.0
43 7
+45 1
-41 1
+28 1
-18 1
+31 1
+4 1
-36 1
-1 1
+37 1
-26 1
-11 1
+1 1
+36 2
+1 1
-17 1
-21 1
+25 1
-4 1
-11 1
+28 1
-1 1
-36 1
+18 1
+19 1
-13 1
-4 1
-11 1
+19 1
+11 1
-3 1
-12 1
+14 1
-29 1
+18 1
+9 1
-18 1
+13 1
-13 1
-9 1
+29 2
+3 1
-14 1
-9 1
+9 1
+4 1
+10 1
-17 1
+7 1
+5 1
+5 1
+1 1
-1 1
+1 2
+2 2
+1 4
+3 1
+1 1
-1 1
+1 1
-1 1
+1 1
-1 1
+1 1
+4 2
+4 2
+2 4
+83 3
+12 2
+1 1
+3 3
+4 1
-4 1
+4 1
+67 3
+4 3
fi=(18) ./elf/../sysdeps/x86/get-isa-level.h
31 1
-3 1
+3 1
-1 2
fe=(16)
296 1
+1 8
-75 3
+1 2
+3 1
-1 1
+9 1
-5 1
+2 1
-2 1
+5 1
fi=(18)
32 3
+4 3
fe=(16)
+83 2
+2 1
+3 2
+10 1
+10 1
-10 1
+10 1
-10 1
+6 1
+4 1
-4 1
-6 1
+6 1
+2 1
-2 1
+2 3
+7 4
fi=(18)
39 3
+1 4
+5 1
-7 1
+7 3
+2 1
+1 2
+1 3
+2 4
+1 2
+1 2
+6 1
-4 1
+4 1
-3 2
fe=(16)
+75 1
-5 2
+4 1

fn=(34) init_cpu_features.constprop.0
399 1
+16 1
-16 6
+3 1
+1 1
+1 1
+11 2
+3 6
593 1
+94 5
+1 1
+3 2
+1 1
+6 1
+3 1
fi=(19) ./elf/../sysdeps/x86/dl-cacheinfo.h
+5 1
+2 1
fe=(16)
-9 1
fi=(19)
+23 2
840 1
+34 1
-34 17
+33 2
+25 2
+21 2
-21 2
+13 3
+8 1
-8 1
+8 1
cfi=(10)
cfn=(24)
calls=1 402 
* 21
* 1
+2 2
+3 4
cfi=(10)
cfn=(24)
calls=1 402 
* 21
* 1
+5 2
-3 2
+3 2
cfi=(10)
cfn=(24)
calls=1 402 
* 21
* 1
+2 2
+3 4
cfi=(10)
cfn=(24)
calls=1 402 
* 21
* 1
+1 2
+22 1
-16 4
+3 3
-3 1
cfi=(10)
cfn=(24)
calls=1 402 
* 21
+3 3
-3 2
+3 10
cfi=(10)
cfn=(54)
calls=1 157 
* 58
+1 8
cfi=(10)
cfn=(54)
calls=1 157 
* 58
+1 9
cfi=(10)
cfn=(54)
calls=1 157 
* 58
+2 8
cfi=(10)
cfn=(54)
calls=1 157 
* 58
+2 9
cfi=(10)
cfn=(54)
calls=1 157 
* 58
+4 2
fe=(16)
706 1
fi=(19)
954 2
fe=(16)
706 2
fi=(19)
954 4
fe=(16)
706 1
cfi=(10)
cfn=(24)
calls=1 402 
* 19
+4 3
+14 1
-1 2
+1 3
+47 1
-1 1
+1 1
+46 4
cfi=(10)
cfn=(24)
calls=1 402 
* 19
+2 4
cfi=(10)
cfn=(24)
calls=1 402 
* 19
fi=(21) ./elf/../sysdeps/unix/sysv/linux/x86/cpu-features.c
27 6
fe=(16)
829 2
+45 8
fi=(19)
+7 11
fe=(16)
775 3
+27 2
-10 2
+1 2
+2 3
+1 2
+2 3
+1 2
fi=(19)
-75 3
cfn=(46) handle_intel.constprop.0
calls=1 255 
* 437
+1 1
-1 2
+1 1
cfn=(46)
calls=1 255 
* 478
+1 1
-1 1
+1 1
cfn=(46)
calls=1 255 
* 503
+3 1
-3 2
+3 1
cfn=(46)
calls=1 255 
* 459
+2 1
-2 1
+2 1
cfn=(46)
calls=1 255 
* 451
+3 1
-2 1
-1 1
+3 1
cfn=(46)
calls=1 255 
* 428
+2 1
-2 1
+2 1
cfn=(46)
calls=1 255 
* 429
+3 1
-2 1
-1 1
+3 1
cfn=(46)
calls=1 255 
* 469
+2 1
-2 1
+2 1
cfn=(46)
calls=1 255 
* 470
+3 1
-3 1
+3 1
cfn=(46)
calls=1 255 
* 494
+2 1
-2 1
+2 1
cfn=(46)
calls=1 255 
* 495
+2 1
-2 1
+2 1
cfn=(46)
calls=1 255 
* 790
+2 3
-2 1
+2 1
cfn=(52) get_common_cache_info.constprop.0
calls=1 481 
* 215
863 11
fe=(16)
424 6
cfn=(36) get_common_indices.constprop.0
calls=1 -99 
* 71
303 3
+1 2
+1 6
+5 2
+1 6
+5 2
+1 6
429 1
cfn=(40)
calls=1 43 
* 194
+2 1
+2 1
+83 1
-85 2
564 2
+7 2
+2 1
+4 2
+6 2
422 2
-3 1
+14 3
+1 4
+69 1
+10 11
+42 1
+1 1
434 11
+55 3

fn=(36)
325 1
+4 4
+3 3
+5 2
-5 1
+5 1
-5 1
+4 1
+1 1
+1 4
+1 4
+1 3
+1 2
+7 2
+2 5
+5 1
-5 1
+5 1
-5 1
+5 1
-5 2
+5 1
+7 1
-7 4
+7 1
+1 3
+6 1
-6 4
+6 1
fi=(17) ./elf/../sysdeps/unix/sysv/linux/x86/dl-minsigstacksize.h
24 2
+3 2
+1 2
+37 3
+7 1
+2 1
fe=(16)
384 2

fl=(39) ./elf/../sysdeps/x86_64/dl-hwcaps-subdirs.c
fn=(110) _dl_hwcaps_subdirs_active
29 1
fi=(18)
+2 1
fe=(39)
+7 1
fi=(18)
-7 2
-1 2
fe=(39)
+22 1
fi=(18)
-20 3
+4 1
fe=(39)
+2 1
fi=(18)
-2 2
+3 4
+1 4
+5 1
fe=(39)
-7 1
fi=(18)
+7 3
fe=(39)
-2 1
fi=(18)
+5 2
+1 3
+2 4
+1 2
+1 2
+6 1
fe=(39)
-11 1
fi=(18)
+11 1
-3 2
fe=(39)

fl=(59) ./io/../sysdeps/unix/sysv/linux/fstatat64.c
fn=(192) fstatat
153 26
-55 26
+70 30
+1 4
-2 18
+1 18

fl=(41) ./elf/./elf/dl-hwcaps_split.c
fn=(122) _dl_hwcaps_split
25 4
+1 3
+21 1
-20 1
+20 3

fn=(120) _dl_hwcaps_contains
66 6
+1 12
+1 6
+9 6

fn=(116) _dl_hwcaps_split_masked
51 55
-25 42
+4 24
+4 48
+1 12
-1 24
+2 24
+5 27
cfi=(42) ./string/../sysdeps/x86_64/multiarch/../strchr.S
cfn=(118) index
calls=9 -18 
* 216
+1 18
+3 6
+11 12
+1 12
+1 6
-1 6
+1 6
-2 6
+1 6
+1 3
-1 3
+1 27
cfn=(120)
calls=6 +8 
* 30
* 12
-3 5
+7 44
-19 6
cfi=(22)
cfn=(60)
calls=3 -2 
* 51
* 3

fl=(14)
fn=(28)
35 1
+1 3
+1 2
+6 1
+1 1

fl=(50)
fn=(158)
25 1
+2 1
+7 1
+1 1
+2 1
+1 1
+1 1
+1 1
+1 33
+3 3
+7 1
+1 1
+1 1
+1 1
+2 1
+1 1
+1 1
+1 1
+2 1
+1 1
+1 1
+9 3
+12 1
+2 1
+1 1
+1 1
-4 12
+2 12
+1 12
+1 12
+2 13
+1 13
+1 13
+2 13
+1 13
+1 13
+2 13
+1 13
+1 13
+2 1
+1 1
+1 1
+2 1
+7 1
+4 1

fl=(55) ./io/../sysdeps/unix/sysv/linux/open64_nocancel.c
fn=(178) __open_nocancel
28 13
+3 13
-3 39
+3 78
+8 91
+2 3
-2 30
+2 10

fl=(7)
fn=(428) lookup_malloc_symbol
61 8
+3 4
-3 16
+3 4
-3 4
+3 8
-1 4
+1 12
cfi=(78) ./elf/./elf/dl-lookup.c
cfn=(278) _dl_lookup_symbol_x
calls=4 840 
* 2104
+4 28
+1 28
+2 4
fi=(132) ./elf/./dl-sym-post.h
-30 8
+12 12
fe=(7)
+19 20

fn=(12)
42 1
+1 2
+1 2
+1 2
+1 2
+1 1

fn=(136) strsep
239 2
+3 4
+2 2
+1 4
+4 33
+7 84
-2 56
+13 1
+4 4
-22 14
+15 14
-15 30

fn=(424)
76 2
+10 1
fi=(131) ./elf/../sysdeps/generic/dl-hash.h
-41 1
fe=(7)
+31 1
fi=(131)
-32 1
fe=(7)
+32 5
+11 1
-1 1
fi=(131)
-43 1
+5 3
+14 4
-17 3
+3 15
+14 20
-17 15
fe=(7)
+46 2
fi=(131)
-24 1
fe=(7)
+22 1
+2 2
fi=(131)
-19 1
fe=(7)
+19 1
cfn=(428)
calls=1 -30 
* 575
+1 3
-1 1
+1 1
cfn=(428)
calls=1 -31 
* 575
+1 3
-1 1
+1 1
cfn=(428)
calls=1 -32 
* 561
+1 3
-1 1
+1 1
cfn=(428)
calls=1 -33 
* 553
+5 1
+1 1
+1 1
+1 1
+1 7

fl=(22)
fn=(60)
41 16
+44 16
+1 16
+1 16
+1 16
+1 16
+1 16
+1 16
+2 16
+2 16
+31 16
+1 16
+1 16
+1 16
+1 16
+1 10
+2 10
+4 6
+1 6
+1 6
+1 6
+1 6
+1 6
+1 6
+1 6
+1 6
+1 6
+1 6
+1 6
+5 48

fl=(46)
fn=(152)
116 2
+1 2

fn=(146)
56 1
+3 2
+4 1
-6 1
+4 1
+2 2
+22 2
+5 2
+1 1
+1 1
-1 1
-1 1
+5 2
+4 2
+8 2
-43 2
+32 6

fn=(186)
38 3
+3 3
-1 6
+4 6
+4 3

fl=(66)
fn=(214) openaux
61 6
+7 2
-4 4
+1 2
-1 16
cfi=(31)
cfn=(172)
calls=2 2022 
* 6608
* 2
+5 4

fn=(210)
159 5
+1 3
-1 1
+1 1
-1 2
+1 1
-1 3
+1 1
-1 4
+1 12
-8 1
-7 1
+15 1
-14 1
+6 1
+8 1
-15 1
+7 1
-8 1
+1 1
+7 1
-7 1
+31 3
-28 3
-2 1
+31 1
-33 2
+2 2
+30 2
-30 1
-1 4
+7 4
+24 2
-32 1
+60 1
-60 2
+36 1
fi=(73) ./elf/../include/scratch_buffer.h
77 3
fe=(66)
198 1
fi=(73)
78 1
fe=(66)
200 2
+98 1
198 1
+4 1
+7 1
+4 4
-4 3
+4 12
+11 12
-18 2
+18 4
433 12
+2 2
+3 2
-3 4
+3 2
fi=(28)
56 2
cfi=(27)
cfn=(76)
calls=2 -21 
* 50
* 2
fe=(66)
439 4
+6 2
+1 10
cfi=(29)
cfn=(80)
calls=2 212 
* 22
+1 10
cfi=(29)
cfn=(80)
calls=2 212 
* 22
+4 2
-1 2
+5 16
204 9
458 9
-1 4
+1 8
199 3
+27 10
+5 2
+6 2
-5 2
-1 2
+2 4
+4 8
-31 2
+31 2
+1 6
+6 8
cfi=(31)
cfn=(212) _dl_dst_count
calls=2 -6 
* 108
* 6
+4 4
-2 2
+2 4
cob=(2)
cfi=(51)
cfn=(164)
calls=2 0 
* 6766
+1 4
+9 2
+2 4
+5 10
+6 2
+2 2
-8 4
+3 2
+1 2
+1 2
+1 2
+4 10
+4 6
+1 3
-43 200
+1 96
+44 144
-38 4
fi=(73)
85 3
fe=(66)
464 6
+1 1
+3 4
+11 3
fi=(28)
56 1
cfi=(27)
cfn=(76)
calls=1 -21 
* 25
* 1
fe=(66)
481 2
+5 3
+1 1
-1 2
+4 2
-2 1
+2 1
-2 2
+11 3
+5 3
-14 9
-2 3
+4 3
+7 3
-2 6
-5 1
+7 1
-2 2
+2 2
+5 1
-14 6
+17 2
+52 3
+37 3
+15 1
-11 1
+11 1
-14 2
+20 1
-1 3
+1 3
-1 5
cfi=(12)
cfn=(244) _dl_sort_maps
calls=1 288 
* 260
+5 1
+3 1
-1 1
+2 2
+7 3
+3 3
+3 8
214 25
+3 2
fi=(73)
-86 6
cfi=(72) ./malloc/./malloc/scratch_buffer_set_array_size.c
cfn=(238) __libc_scratch_buffer_set_array_size
calls=2 30 
* 40
fe=(66)
+86 4
+4 6
611 2
cfi=(29)
cfn=(80)
calls=1 212 
* 11
* 1
-53 2
160 2
380 6

fl=(133)
fn=(432)
30 2
+10 3
-10 1
+10 2
-10 1
+7 1
+3 2
cfi=(134) ./elf/./elf/dl-lookup-direct.c
cfn=(434) _dl_lookup_direct
calls=1 +34 
* 175
+4 2
+1 8
+2 3
-2 1
+2 3
cfi=(134)
cfn=(434)
calls=1 +27 
* 198
+4 2
+1 6
+1 2
-1 1
+1 2

fl=(23)
fn=(62)
37 5
+3 1
+18 2
+4 2
+16 5

fl=(27)
fn=(72)
78 8
+4 8
-4 32
+7 8
+1 24
fi=(28)
-30 8
cfi=(27)
cfn=(76)
calls=8 -21 
* 235
fe=(27)

fn=(76)
35 120
+1 24
+11 24
-11 48
+11 48
+3 24
-3 24
+3 136
+18 24
+1 24
+2 96
-16 8
+1 4
+2 2
+1 14
cfi=(60)
cfn=(194)
calls=2 -12 
* 18
* 2
+2 4
+2 4
+2 2
+4 2
-4 4
-23 1
-1 1
+1 1
+1 2
-2 2

fn=(144) __minimal_free
95 3
+2 12

fl=(77)
fn=(270)
194 8
+14 4
-14 36
+16 4
-16 8
+14 4
+2 8
+3 4
-1 4
+1 8
+19 8
+6 20
-34 6
+38 6
+7 12
fi=(6)
71 10
+6 4
+4 3
+14 1
-8 1
+8 2
+20 2
+4 5
-2 2
fe=(77)
288 160
-83 1
fi=(6)
474 4
fe=(77)
205 2
+83 2
fi=(5)
49 1
fe=(77)
288 1
fi=(5)
60 1
-11 2
+11 2
fe=(77)
288 3
-83 3
fi=(6)
474 12
fe=(77)
205 6
+83 6
fi=(5)
49 3
fe=(77)
288 3
fi=(5)
60 3
-11 6
+11 6
fe=(77)
288 8
fi=(5)
49 4
fe=(77)
288 4
fi=(5)
60 4
-11 8
+11 8
-7 1
-1 1
+11 8
fi=(6)
545 28
+4 28
+3 42
+1 14
fi=(5)
63 42
+2 216
+2 120
-4 120
+13 6
+1 8
+1 80
fi=(6)
545 40
+34 80
+2 40
cob=(3)
cfi=(127)
cfn=(406)
calls=1 31 
* 23
cob=(3)
cfi=(126)
cfn=(404)
calls=1 31 
* 7
cob=(3)
cfi=(125)
cfn=(400)
calls=1 33 
* 22
cob=(3)
cfi=(124)
cfn=(398)
calls=1 29 
* 7
cob=(3)
cfi=(122)
cfn=(394)
calls=1 29 
* 23
cob=(3)
cfi=(121)
cfn=(390)
calls=1 33 
* 17
cob=(3)
cfi=(119)
cfn=(386)
calls=1 29 
* 22
cob=(3)
cfi=(118)
cfn=(382)
calls=1 29 
* 17
cob=(3)
cfi=(117)
cfn=(378)
calls=1 29 
* 21
cob=(3)
cfi=(116)
cfn=(376)
calls=1 31 
* 7
cob=(3)
cfi=(115)
cfn=(372)
calls=1 29 
* 17
cob=(3)
cfi=(114)
cfn=(368)
calls=1 31 
* 21
cob=(3)
cfi=(113)
cfn=(364)
calls=1 29 
* 21
cob=(3)
cfi=(111)
cfn=(360)
calls=2 31 
* 38
cob=(3)
cfi=(109)
cfn=(356)
calls=1 29 
* 22
cob=(3)
cfi=(108)
cfn=(354)
calls=1 31 
* 7
cob=(3)
cfi=(107)
cfn=(350)
calls=1 29 
* 17
cob=(3)
cfi=(106)
cfn=(348)
calls=1 43 
* 7
cob=(3)
cfi=(105)
cfn=(346)
calls=1 29 
* 7
cob=(3)
cfi=(104)
cfn=(344)
calls=1 31 
* 7
cob=(3)
cfi=(103)
cfn=(342)
calls=1 66 
* 17
cob=(3)
cfi=(101)
cfn=(338)
calls=2 31 
* 46
cob=(3)
cfi=(99)
cfn=(334)
calls=1 31 
* 17
cob=(3)
cfi=(98)
cfn=(330)
calls=1 30 
* 21
cob=(3)
cfi=(97)
cfn=(326)
calls=2 29 
* 44
cob=(3)
cfi=(96)
cfn=(322)
calls=1 28 
* 21
cob=(3)
cfi=(95)
cfn=(320)
calls=1 61 
* 19
cob=(3)
cfi=(93)
cfn=(316)
calls=2 31 
* 42
cob=(3)
cfi=(91)
cfn=(312)
calls=1 29 
* 22
cob=(3)
cfi=(90)
cfn=(308)
calls=1 29 
* 19
cob=(3)
cfi=(88)
cfn=(304)
calls=1 29 
* 24
cob=(3)
cfi=(86)
cfn=(300)
calls=1 29 
* 19
cob=(3)
cfi=(85)
cfn=(298)
calls=1 65 
* 17
cob=(3)
cfi=(84)
cfn=(296)
calls=1 29 
* 7
cob=(3)
cfi=(82)
cfn=(292)
calls=2 31 
* 42
-36 40
+37 40
fi=(5)
77 121
fe=(77)
288 32
+3 24
+24 4
+3 8
+17 12
+2 32
-98 8
+3 2
+7 4
-9 2
fi=(5)
86 14
+2 14
+12 7
-14 28
+14 14
+10 10
+3 13
+1 3
fi=(6)
529 3
fi=(5)
114 3
fi=(6)
529 6
fi=(5)
114 1198
fi=(6)
529 1198
fi=(5)
114 1198
fi=(6)
529 2396
+5 2402
+1 1201
fi=(5)
113 1201
fi=(6)
535 1201
-5 1201
fi=(5)
113 2402
+7 28
+4 20
+2 10
-73 3
fi=(6)
484 3
fi=(5)
52 3
fi=(6)
484 6
fi=(5)
128 6
+1 3
+1 3
-2 3
+2 3
+3 3
-5 3
+2 3
-2 3
+1 6
+2 3
-2 3
+2 9
+2 6
-5 222
+1 111
+1 111
-2 111
+2 111
+3 111
-5 111
+2 111
-2 111
+1 222
+2 111
-2 111
+2 333
+2 222
+9 112
fi=(6)
262 224
+21 224
+4 224
+7 448
fi=(4)
138 288
fi=(6)
294 3699
cfi=(78)
cfn=(278)
calls=93 840 
* 52898
* 837
+2 288
+30 658
450 282
fi=(5)
145 316
-19 342
+32 15
+1 6
fi=(6)
294 2
+22 2
-22 4
fi=(5)
160 6
+3 2
+4 2
-4 2
+4 4
-2 2
-2 2
+2 2
+1 2
-1 4
fi=(6)
294 8
508 2
-1 4
+1 4
+1 2
cfi=(15)
cfn=(436) __x86_cpu_features
calls=1 71 
* 6
cob=(3)
cfi=(80)
cfn=(288)
calls=1 86 
* 28
+1 2
fi=(5)
159 2
fi=(6)
510 2
fi=(5)
159 8
-14 3
+1 54
fi=(6)
490 3
+5 2
-1 3
+1 2
-1 1
cfi=(29)
cfn=(80)
calls=1 212 
* 11
+2 4
+1 1
-75 51
+4 68
+5 17
+9 17
-9 34
+9 17
fi=(5)
145 66
fi=(6)
296 157
+3 109
-3 109
+3 218
+2 35
+3 14
+1 21
+11 14
+7 7
cob=(3)
cfi=(107)
cfn=(350)
calls=1 29 
* 17
cob=(3)
cfi=(85)
cfn=(298)
calls=1 65 
* 17
cob=(3)
cfi=(105)
cfn=(346)
calls=1 29 
* 7
cob=(3)
cfi=(88)
cfn=(304)
calls=1 29 
* 24
cob=(3)
cfi=(117)
cfn=(378)
calls=1 29 
* 21
cob=(3)
cfi=(115)
cfn=(372)
calls=1 29 
* 17
cob=(3)
cfi=(118)
cfn=(382)
calls=1 29 
* 17
* 21
+3 14
fi=(5)
135 10
+3 2
fi=(6)
296 93
+3 93
-3 202
+3 4
fi=(5)
50 8
fe=(77)
308 14
fi=(6)
-14 29
fe=(77)
+49 20
+3 4
-3 4
+3 4
+4 8
+1 16
cfi=(128)
cfn=(410)
calls=4 117 
* 24
* 8
-63 6
fi=(5)
53 2
175 7
+2 2
+1 2
-1 1
+3 1
-3 4
+3 2
-3 10
+1 10
-1 5
+3 5
-3 20
+3 10
+8 6
fi=(6)
+74 12
+21 12
+4 12
+7 24
fi=(4)
138 18
fi=(6)
294 204
cfi=(78)
cfn=(278)
calls=6 840 
* 3251
* 54
+2 18
+30 36
450 12
fi=(5)
191 18
-16 18
+30 4
fi=(6)
+91 2
+3 2
-3 2
+3 4
-3 2
+3 2
-3 4
fe=(77)

fl=(24)
fn=(66)
53 3
+3 8
+5 1
-5 1
+5 1
+1 1
-6 1
+8 1

fn=(264)
68 2
fi=(211) ./elf/../include/list.h
-24 1
fe=(24)
+24 1
fi=(211)
-25 1
fe=(24)
+26 1
+3 1
fi=(211)
-29 1
+1 1
+1 1
+2 1
fe=(24)
+28 4
+1 2
+1 1
+5 2
+5 1
+6 1
-3 1
+3 1
-6 3
+6 1
+13 3
fi=(75) ./elf/../sysdeps/unix/sysv/linux/rseq-internal.h
-72 1
fe=(24)
+72 1
cfi=(10)
cfn=(24)
calls=1 402 
* 20
fi=(75)
-74 3
+2 6
+3 2
+3 1
fe=(24)
+83 3
+7 2
+2 1
+1 1
+1 3

fn=(84)
42 8
+2 16

fl=(67) ./io/../sysdeps/unix/sysv/linux/stat64.c
fn=(220) stat
28 20
+1 40
cfi=(59)
cfn=(192)
calls=10 153 
* 98

fl=(26)
fn=(82)
31 6
+2 3
-2 6
+2 3
-2 6
+2 3
cfi=(24)
cfn=(84)
calls=3 +9 
* 9
+2 23
+3 20
+2 2
+2 2
+4 2
+4 2
-4 4
+1 2
+4 2
-4 2
+1 2
+3 2
-3 2
+3 2
-1 2
cfi=(24)
cfn=(84)
calls=2 -8 
* 6
-4 1
+4 1
-4 2
+1 1
+4 1
-4 1
+1 1
+3 1
-3 1
+3 1
-1 1
cfi=(24)
cfn=(84)
calls=1 -8 
* 3
-5 2

fn=(70)
59 42
+3 6
+18 2
+3 2
-3 2
+3 2
cfi=(22)
cfn=(60)
calls=2 -42 
* 52
+4 4
-4 4
+9 4
fi=(28)
-48 6
cfi=(27)
cfn=(72)
calls=2 +34 
* 100
fe=(26)
+48 1
fi=(28)
-48 3
cfi=(27)
cfn=(72)
calls=1 +34 
* 43
* 3
fe=(26)
+51 6
+5 3
-2 3
+6 3
-4 3
+4 3
-5 3
+4 3
+1 3
-1 3
+1 6
cfi=(29)
cfn=(80)
calls=3 212 
* 44
* 6
+2 3
+13 6
+6 1
+2 7
+3 2
-3 14
+3 4
+9 3
-7 3
+4 3
+3 15
+2 1
-2 3
+2 15
-2 45
+16 6
-5 3
+5 3
-6 3
+6 3
-6 3
+6 6
+2 4
+3 4
-3 4
+7 8
+4 4
+8 2
+3 2
+10 3
-10 4
+10 6
+2 2
+21 2
-21 2
cfi=(22)
cfn=(60)
calls=2 41 
* 70
* 6
+17 2
-13 6
+50 6
cfi=(29)
cfn=(128)
calls=2 -46 
* 34
* 2
+5 4
+1 4
-1 80
+1 80
+2 4
+3 2
+3 2
+4 27
131 8
-12 4
+34 1
+7 4
+8 8
fi=(28)
56 4
cfi=(27)
cfn=(76)
calls=2 -21 
* 50
* 2
fe=(26)
200 8
64 2
+2 3
+1 2
+10 5
-6 2

fl=(44)
fn=(132)
125 7
+1 35
+6 7
+1 7
+1 7
+1 7
+2 1
+1 1
+1 1
+65 4
+1 4
+2 4
+76 6
+1 6
+5 6
+3 6
+1 6
+3 2
+1 2
+13 2
+1 2
+2 2
+3 1
+3 2
+3 1
+1 1
+1 1
+1 1
+1 1
+1 1
+1 1
-6 27
+1 27
+1 27
+1 27
+1 27
+1 27
+1 27
+3 2
+1 2
+1 2
+1 2
+5 2

fl=(68)
fn=(230) _dl_cache_libcmp
370 9
+1 9
+32 9
-33 18
+1 22
+2 49
+2 49
-2 98
+20 94
+2 94
-12 40
+2 40
+14 40
+1 40
-29 80
+32 6
-28 4
+8 2
-2 4
+1 4
-1 2
+2 6
+2 2
-3 2
+3 6
+2 4
+9 21

fn=(468)
537 1
+1 4
-1 1
+3 2
cfi=(128)
cfn=(470)
calls=1 117 
* 6
+1 1
+4 1
+2 2

fn=(222) _dl_load_cache_lookup
416 10
+2 2
+3 3
+74 1
208 1
495 2
+3 3
fi=(70) ./elf/../sysdeps/x86/dl-procinfo.h
39 2
+3 3
cfi=(32)
cfn=(90)
calls=1 +66 
* 25
* 4
fe=(68)
212 6
cfi=(10)
cfn=(24)
calls=1 402 
* 21
* 1
+16 2
-16 1
+6 2
+10 1
-7 5
+9 3
+1 1
-37 2
+37 1
+4 2
-5 18
+1 6
-37 12
+37 6
+4 12
+4 21
cfn=(230)
calls=7 370 
* 534
+1 14
359 6
+3 2
228 2
360 5
228 13
+2 5
+20 4
+3 4
+2 8
cfn=(230)
calls=2 370 
* 220
* 4
+2 1
-9 4
-30 2
+1 1
+95 1
-95 1
-1 8
+96 3
-47 2
+10 2
+1 3
fi=(69) ./elf/../sysdeps/generic/dl-cache.h
125 5
fe=(68)
294 2
+9 2
+3 2
+2 3
+1 2
+5 2
+1 4
+7 2
+21 4
513 2
+12 2
cfi=(22)
cfn=(60)
calls=1 41 
* 35
* 12
+1 1
-1 1
+1 1
-1 1
+1 1
cfi=(29)
cfn=(80)
calls=1 212 
* 11
* 1
+1 1
cfi=(45)
cfn=(140)
calls=1 40 
* 89
+1 8
-3 2
424 4
cfi=(54) ./elf/./elf/dl-misc.c
cfn=(224) _dl_sysdep_read_whole_file
calls=1 36 
* 91
* 1
+8 5
+1 8
+3 4
+1 1
-1 3
fi=(69)
194 1
+1 5
fe=(68)
444 1
+1 2

fl=(65)
fn=(208)
25 1
+2 7
+4 1

fl=(19)
fn=(52)
481 1
+17 1
-17 4
+16 1
-16 1
+15 1
-15 3
+18 1
-1 1
+9 2
+3 3
+11 1
-11 1
-5 1
+21 3
+4 2
681 4
+1 5
+4 2
+9 2
-2 1
+2 2
-1 1
+1 3
535 6
+3 8
+7 2
-7 9
+7 6
+3 26
+14 2
+4 1
+3 1
+1 1
-4 2
+3 3
+6 2
-37 6
+15 2
+4 1
+1 1
-1 2
+18 2
-68 6
+74 4
+8 7
+2 2
+4 3
+2 1
+2 5
-4 1
+16 1
-16 3
+21 2
-21 4
+3 1
+1 4
-4 1
+6 4
+3 2
+5 1
+2 2
+1 1
+1 1
-2 2
+1 1
-19 5
+46 2
+1 1
+1 2
+2 2
-1 3
-23 2
+7 1
+2 2
-16 1
+22 1
-6 2
+1 1
+5 1

fn=(46)
255 24
-5 24
+16 12
-16 72
+13 12
+1 36
-3 24
+11 60
+5 24
+2 12
+1 12
-1 12
+5 48
cfn=(48) intel_check_word.constprop.0
calls=12 123 
* 3876
+2 24
+3 60
cfn=(48)
calls=12 123 
* 1156
+2 24
+3 5
cfn=(48)
calls=1 123 
* 20
+2 2
+3 5
cfn=(48)
calls=1 123 
* 255
+2 2
-35 3
+39 3
+5 96

fn=(48)
123 78
-4 78
+10 104
-10 26
+10 52
+2 52
+71 200
-71 102
+2 63
+2 126
+8 126
+51 102
+22 51
fi=(20) ./elf/../bits/stdlib-bsearch.h
28 51
-1 102
+4 102
+1 51
fe=(19)
+78 102
fi=(20)
-79 76
+1 38
fe=(19)
+78 76
+3 345
fi=(20)
-84 820
+2 512
+1 256
fe=(19)
+78 512
+15 15
246 104
fi=(20)
37 63
-8 151
fe=(19)
155 36
+3 36
-6 54
+3 14
+9 14
+23 19
-32 57
+3 57
+4 50
+2 100
+2 50
+2 36
+4 11
+2 22
+6 14
+3 8
+1 12
-8 4
+2 4
-1 4
-1 4
+2 8
-2 4
+3 12
-2 12
+2 8
-10 24
+1 10
+11 12
-26 4
+9 4
+23 2
-32 6
+3 6
+4 8
+2 16
+2 8
-11 3
+7 6
+2 12

fl=(134)
fn=(434)
74 30
+2 3
-2 3
+4 3
-4 3
+2 3
+2 9
+37 3
-37 9
+1 6
+2 12
+3 25
-52 3
+54 6
-54 3
+54 3
-54 9
+1 9
+2 6
+1 6
+12 12
+3 3
+2 3
-2 3
+2 9
cfi=(32)
cfn=(90)
calls=3 +55 
* 207
* 6
+4 6
+1 3
-1 3
+1 18
+1 9
cfi=(32)
cfn=(90)
calls=3 +49 
* 75
* 6
+57 27
-23 6

fl=(42)
fn=(118)
23 15
+1 15
+1 15
+1 15
+1 15
+1 15
+1 15
+1 15
+1 15
+1 15
+1 15
+1 15
+1 15
+1 15
+1 15
+1 15
+1 15
+1 15
+1 13
+4 13
+1 13
+1 13
+1 13
+2 13
+4 2
+1 2
+1 2
+1 2
+1 2
+1 2
+1 2
+1 2
+1 2
+1 2
+1 2
+1 2
+1 2
+1 2
+1 2
+1 2
+1 2
+1 2
+1 2
+1 2
+1 2
+1 2
+1 2
+1 2
+52 2
+4 2
+1 2
+1 2
+1 2
+2 2

fl=(52)
fn=(162)
225 10
+2 2
cob=(2)
cfi=(51)
cfn=(164)
calls=1 0 
* 2759
+1 2
+1 1
+1 1
-1 1
+1 1
+2 5

fn=(248)
238 6
+1 1
+1 1
+3 1
+1 1
+2 1
cfi=(2)
cfn=(250)
calls=1 696 
* 3488
+2 1
+1 1
+1 4

fn=(166)
175 9
+5 3
-5 9
+5 3
-2 6
+22 3
-1 3
+7 6
-6 3
+3 6
+3 3
cfi=(53)
cfn=(168)
calls=3 30 
* 72
* 12
+2 9
cfi=(66)
cfn=(214)
calls=2 61 
* 6644
cfi=(2)
cfn=(170)
calls=1 663 
* 2698
+2 3
-1 3
+1 3
-1 3
+1 6
+9 12

fl=(12)
fn=(246) dfs_traversal.part.0
140 64
+8 8
-2 8
+2 16
+2 20
+3 20
-3 40
+9 16
+15 24
+1 8
+1 48
-17 12

fn=(244)
288 20
+8 2
-8 2
+8 4
+4 16
-79 4
-37 2
+37 2
-36 8
+1 2
-1 2
+1 2
-1 4
+1 6
-1 6
+1 6
-1 12
+36 30
+8 6
-3 2
+2 2
+1 2
-8 2
+5 2
+3 8
+2 18
+2 8
-90 40
cfn=(246)
calls=8 -3 
* 284
+93 16
+18 4
+13 2
+33 2
-26 8
cfi=(29)
cfn=(80)
calls=2 -62 
* 22
* 2

fn=(22)
279 2
+1 4
cfi=(10)
cfn=(24)
calls=1 402 
* 20
+2 3
-1 1
+2 2

fl=(38) ./elf/./elf/dl-hwcaps.c
fn=(108) _dl_important_hwcaps
175 5
+1 1
-1 6
+1 1
-1 1
+1 1
-1 1
+1 1
-1 1
+1 2
cfi=(10)
cfn=(24)
calls=1 402 
* 21
* 1
+2 2
+1 3
+26 2
-26 1
+25 1
cfi=(39)
cfn=(110)
calls=1 29 
* 47
fi=(40) ./elf/./dl-hwcaps.h
54 1
fe=(38)
205 1
-1 1
fi=(40)
56 1
+32 1
+1 1
+1 1
fe=(38)
-35 2
cfi=(41)
cfn=(116)
calls=1 -4 
* 13
* 2
fi=(40)
-1 1
+2 2
-2 1
+34 2
+1 2
+1 1
fe=(38)
-32 2
-1 2
+1 2
+1 2
-1 2
-3 4
cfi=(41)
cfn=(116)
calls=2 -4 
* 114
* 2
cfi=(41)
cfn=(116)
calls=1 -4 
* 122
* 6
+48 5
fi=(28)
-47 1
cfi=(27)
cfn=(76)
calls=1 -21 
* 25
fe=(38)
+47 1
+2 2
+3 2
fi=(40)
-52 1
fe=(38)
+55 1
-3 1
fi=(40)
-54 2
+3 1
fe=(38)
+58 2
cfi=(41)
cfn=(122)
calls=1 -90 
* 12
* 2
fi=(40)
-61 1
+2 2
-2 1
+34 2
+1 2
+1 1
fe=(38)
+40 4
+1 2
-1 6
+2 2
+1 2
-2 6
-3 4
cfi=(41)
cfn=(116)
calls=2 -77 
* 114
* 2
cfi=(41)
cfn=(116)
calls=1 -77 
* 122
* 6
+8 2
+9 1
-15 1
+15 2
-15 1
+15 8
+9 2
+4 7
cfi=(43)
cfn=(124)
calls=1 22 
* 41
+1 2
+1 1
+4 1
+1 2
+1 1
-20 2
+19 1
+1 1
-20 2
-1 4
+70 1
+1 1
+4 1
-5 2
+1 4
+4 2
-4 1
+4 4
+1 1
-1 1
+1 2
+1 2
-2 5
+1 1
-1 1
+1 2
+1 2
-2 5
+5 1
+3 2
-3 2
+3 15
+7 1
-7 2
+2 3
+1 4
+2 1
fi=(212) ./elf/../sysdeps/x86/dl-hwcap.h
57 1
fe=(38)
233 2
fi=(212)
57 1
fe=(38)
233 2
fi=(212)
57 1
fe=(38)
233 1
+1 1
cfi=(22)
cfn=(60)
calls=1 41 
* 17
+1 1
+1 1
-6 1
+4 1
+1 1
-5 1
+5 1
+1 1
-1 2
-5 4
+10 3
-2 3
+2 1
+1 1
+1 1
-1 1
+4 4
+1 1
-1 1
+4 2
+4 1
-1 1
+1 4
-1 2
+4 3
+1 3
+19 10
+6 2
fi=(28)
56 1
cfi=(27)
cfn=(76)
calls=1 -21 
* 25
* 1
fe=(38)
283 2
+8 1
fi=(40)
54 1
+2 1
+34 1
-2 2
fe=(38)
-5 1
291 1
fi=(40)
54 1
+35 1
fe=(38)
291 1
fi=(40)
90 1
fe=(38)
-10 2
cfi=(41)
cfn=(116)
calls=1 -29 
* 13
* 2
fi=(40)
-26 2
+2 1
fe=(38)
+27 1
fi=(40)
-29 1
+34 2
+1 2
+1 1
fe=(38)
-8 2
+1 4
+7 2
-7 10
cfi=(29)
cfn=(128)
calls=2 199 
* 26
+4 2
+2 2
+2 2
-2 4
-9 4
cfi=(41)
cfn=(116)
calls=2 -29 
* 114
* 2
cfi=(41)
cfn=(116)
calls=1 -29 
* 122
* 6
304 1
+2 1
-2 1
-48 2
+72 1
-72 1
376 2
+13 2
-58 1
+45 1
+13 1
-58 1
-75 1
+82 1
+10 2
-92 1
+88 1
+4 3
-4 1
+3 7
-3 2
-3 1
+3 1
cfi=(29)
cfn=(128)
calls=1 199 
* 18
* 2
-3 1
+3 1
cfi=(29)
cfn=(128)
calls=1 199 
* 18
* 2
+3 2
-3 4
+3 5
+1 12
+1 2
-2 1
+2 1
cfi=(29)
cfn=(128)
calls=1 199 
* 15
* 2
-2 2
+5 8
cfi=(29)
cfn=(128)
calls=2 199 
* 30
* 4
+2 5
+5 6
+1 1
-1 3
+1 7
-1 25
+5 11
+4 1
-1 1
+1 2
-4 12
+4 2
-1 2
+1 13
-1 9
+1 18
+1 24
-1 12
-1 12
+2 24
-1 24
-1 24
+4 9
+3 1
+2 2
-1 1
-1 1
+2 1
-2 1
+2 2
-1 1
+1 2
+2 6
+1 2
+3 2
-6 2
+6 3
+7 8
+1 1
-1 2
+3 2
-3 3
+1 3
-1 6
+3 6
+3 4
-80 2
+86 9
-20 1
+1 2
-6 3
259 2
+1 2
+1 4
-1 3
+12 4
-44 2
+34 4
-2 3

fl=(36)
fn=(102)
120 5
+2 1

fl=(142) ./elf/./elf/dl-runtime.c
fn=(458) _dl_fixup
46 16
+2 10
+1 2
+6 2
fi=(213) ./elf/../sysdeps/x86_64/dl-runtime.h
-27 2
fe=(142)
+21 2
+5 2
+1 2
-6 2
+6 4
+1 2
+2 2
-2 2
+2 2
-2 10
+7 4
+4 4
+4 6
+4 6
+1 8
-7 8
+16 2
-1 2
+1 4
+10 20
cfi=(78)
cfn=(278)
calls=2 840 
* 1363
* 2
+4 10
+10 20
+15 8
+9 6
+26 6
fi=(6)
+70 2
fe=(142)
-66 12

fl=(15)
fn=(32)
37 1
+2 3
+2 1
cfi=(16)
cfn=(34)
calls=1 399 
* 7206

fn=(436)
71 1
-32 3
+32 2

fl=(32)
fn=(90)
108 181
+33 181
+1 181
+2 181
+1 181
+21 181
+1 181
+1 145
+1 145
+1 122
+1 122
+1 122
+1 122
+21 122
+1 122
+1 122
+1 122
+1 122
+1 122
+1 122
+5 4
+1 12
+9 4
+1 4
+1 4
+1 4
+1 4
+1 4
+1 4
+1 4
-7 59
+1 59
+1 59
+1 59
+1 59
+1 59
+1 59
+1 59
+1 42
+1 27
+1 27
+1 27
+2 27
+1 27
+1 27
+1 27
+1 27
+1 27
-5 15
+1 15
+1 15
+1 15
+1 15
+1 15
+10 21
+1 21
+1 21
+2 21
+6 21
+1 21
+1 21
+1 21
+1 21
+5 21
+2 20
+1 20
+1 40
+8 20
+1 20
+3 20
+1 20
+1 20
+1 20
+1 20
+1 20
943 2
+1 2
+1 2
+1 2
+1 2
+2 2
+1 2
+1 2
+1 2
+1 2
+1 2
+1 2
+1 2
+4 2
+1 2
+1 2
+6 2
+1 2
+1 4
+4 2
+1 2
+3 2
+1 2
+1 2
+3 2
+1 2
+1 2
+6 2
+1 2
+1 2
+1 2
+1 2
+1 2
+72 6
+1 6
+1 6
+1 6
+1 6
+2 6
+1 6
+1 6
+1 6
+1 6
+1 6
+1 6
+1 1
+4 1
+1 1
+1 1
+6 1
+1 1
+1 2
+4 1
+1 1
+3 1
+1 1
+1 1
+3 1
+1 1
+1 1
+6 1
+1 1
+1 1
+1 1
+1 1
+1 1
+7 1
+1 1
+2 1
+1 1
+2 1
+1 1
+1 1
+3 1
+1 1
+1 1
+6 1
+1 1
+1 1
+1 1
+1 1
+1 1
+41 2
+1 2
+1 2
+1 2
+1 2
+2 2
+1 2
+1 2
+1 2
+1 2
+1 2
+1 2
1318 4
+1 4
+1 4
+1 4
+1 4
+2 4
+1 4
+1 4
+1 4
+1 4
+1 4
+1 4
+1 4
+4 4
+1 4
+1 4
+6 4
+1 4
+1 8
+4 4
+1 4
+3 4
+1 4
+1 4
+3 4
+1 4
+1 4
+6 4
+1 4
+1 4
+1 4
+1 4
+1 4
+72 2
+1 2
+1 2
+1 2
+1 2
+2 2
+1 2
+1 2
+1 2
+1 2
+1 2
+1 2
+1 1
+4 1
+1 1
+1 1
+6 1
+1 1
+1 2
+4 1
+1 1
+3 1
+1 1
+1 1
+3 1
+1 1
+1 1
+6 1
+1 1
+1 1
+1 1
+1 1
+1 1
1693 5
+1 5
+1 5
+1 5
+1 5
+2 5
+1 5
+1 5
+1 5
+1 5
+1 5
+1 5
+1 2
+4 2
+1 2
+1 2
+6 2
+1 2
+1 4
+4 2
+1 2
+3 2
+1 2
+1 2
+3 2
+1 2
+1 2
+6 2
+1 2
+1 2
+1 2
+1 2
+1 2
+72 2
+1 2
+1 2
+1 2
+1 2
+2 2
+1 2
+1 2
+1 2
+1 2
+1 2
+1 2
+1 1
+4 1
+1 1
+1 1
+6 1
+1 1
+1 2
+4 1
+1 1
+3 1
+1 1
+1 1
+3 1
+1 1
+1 1
+6 1
+1 1
+1 1
+1 1
+1 1
+1 1
+72 2
+1 2
+1 2
+1 2
+1 2
+2 2
+1 2
+1 2
+1 2
+1 2
+1 2
+1 2
+1 2
+4 2
+1 2
+1 2
+6 2
+1 2
+1 4
+4 2
+1 2
+3 2
+1 2
+1 2
+3 2
+1 2
+1 2
+6 2
+1 2
+1 2
+1 2
+1 2
+1 2
+72 17
+1 17
+1 17
+1 17
+1 17
+2 17
+1 17
+1 17
+1 17
+1 17
+1 17
+1 17
+2 7
+4 7
+1 7
+1 7
+6 7
+1 7
+2 14
+4 7
+1 7
+3 7
+1 7
+1 7
+3 7
+1 7
+1 7
+6 7
+1 7
+1 7
+1 7
+1 7
+1 7
+74 40
+2 40
+1 40
+1 40
+1 40
-3 23
+1 23
+1 23
+1 23
+1 54
+5 27
+6 27
+1 27
+8 27
+1 27
-16 154
+6 154
+1 154
+8 154
+1 154

fl=(129)
fn=(416)
561 4
+3 1
+2 2
+13 1
cfn=(420) _dlfo_process_initial
calls=1 474 
* 79
+1 1
-1 1
+1 1
fi=(28)
56 1
cfi=(27)
cfn=(76)
calls=1 -21 
* 25
fe=(129)
580 1
fi=(28)
56 1
fe=(129)
582 2
+3 2
+5 1
+1 1
cfn=(420)
calls=1 474 
* 280
+3 3
+10 4
-37 2
cfi=(130) ./elf/./dl-find_object.h
cfn=(418) _dl_find_object_from_map
calls=1 95 
* 68
* 1
+29 2
cfn=(422) _dlfo_sort_mappings
calls=1 -60 
* 80
+3 6
+2 1

fn=(420)
474 2
+3 2
-3 2
+1 2
+3 4
+26 14
+1 6
+1 8
-1 16
+3 28
+3 24
-7 10
+25 2
+2 8
-18 18
+3 6
-1 6
cfi=(130)
cfn=(418)
calls=3 95 
* 189
+2 12

fn=(422)
536 1
+1 2
+3 4
+4 1
+1 1
-1 1
+1 2
-1 1
+1 1
-1 1
+1 6
+1 19
-1 9
+8 6
+1 4
-1 2
-13 4
+14 6
+1 4
-15 4
+17 1

fl=(25)
fn=(68)
28 3
+1 3
+3 44
+13 34
-13 68
+2 72
+1 20
+5 2
-3 2
+3 2
+2 2
+7 1

fl=(56) ./io/../sysdeps/unix/sysv/linux/read_nocancel.c
fn=(180) __read_nocancel
25 2
+1 8
+1 2

fl=(58) ./io/../sysdeps/unix/sysv/linux/fstat64.c
fn=(190) fstat
29 6
+1 6
+5 9
cfi=(59)
cfn=(192)
calls=3 153 
* 24

fl=(54)
fn=(224)
36 2
+3 1
-3 6
+3 1
-3 1
+3 1
cfi=(55)
cfn=(178)
calls=1 -11 
* 19
+1 2
+23 7
-21 4
cfi=(58)
cfn=(190)
calls=1 -13 
* 15
* 2
+2 2
+3 2
+13 2
cfi=(64)
cfn=(204)
calls=1 -35 
* 6
* 1
-11 6
cfi=(60)
cfn=(194)
calls=1 -2 
* 9
* 2

fn=(174) _dl_name_match_p
68 84
+1 28
cfi=(32)
cfn=(90)
calls=14 +39 
* 500
* 28
+3 14
+2 28
+6 15
-6 30
+1 54
cfi=(32)
cfn=(90)
calls=18 +33 
* 728
* 36
+8 3
-13 3
+13 20
-1 11
+1 33

fl=(8)
fn=(14)
25 4
+3 4
-3 4
+3 8
+3 12
+1 8
+2 4
-1 4
+3 12
+1 4
+4 4
-3 4
+7 4
-4 4
-3 4
+2 8
+5 4
-5 4
-2 4
+7 4
-5 4
+10 4

fl=(74)
fn=(252)
361 6
+4 5
-2 2
+4 24
cfn=(254) _dl_check_map_versions
calls=4 155 
* 3405
-2 4
+2 12
-1 4
-1 8
+5 7

fn=(254)
155 32
+15 4
-15 8
+15 8
+2 20
+2 4
+1 4
-1 4
+1 4
+2 8
+3 4
-16 2
-8 2
+28 2
-4 2
+4 4
+16 2
36 4
200 2
36 10
+1 5
-1 10
+2 21
cfi=(54)
cfn=(174)
calls=7 +30 
* 805
* 14
208 6
+5 2
-71 4
+71 6
+8 2
-2 2
-2 4
+4 2
-4 12
+4 4
-2 4
-2 8
+4 4
-4 39
56 24
+8 18
+6 18
+16 6
+1 12
+2 6
+5 54
+14 114
+12 153
+4 51
-30 102
224 24
+3 18
+5 4
-11 4
110 6
+3 24
cfi=(32)
cfn=(90)
calls=6 -5 
* 174
* 26
236 8
+14 4
+3 8
+10 42
-7 168
+3 126
-3 8
+3 6
+8 6
+6 3
fi=(28)
44 3
fe=(74)
273 3
fi=(28)
44 3
cfi=(27)
cfn=(72)
calls=3 +34 
* 108
fe=(74)
272 3
fi=(28)
44 3
fe=(74)
274 6
+13 3
-3 3
+3 12
+2 9
+3 8
+4 6
+7 6
+1 6
-1 18
+1 6
+1 6
-2 6
+2 12
+1 18
+3 18
+5 4
-15 4
+2 4
-2 4
+2 4
-2 4
+2 8
-2 2
+2 2
-2 2
+2 2
-2 2
+2 4
+16 6
+39 36
-29 9
+3 8
+4 42
+6 42
+1 42
+1 42
-1 126
+1 42
-1 42
+1 42
+1 42
+3 126
+4 42
-14 88
+10 6
164 2
+86 2
-94 2
+94 3

fl=(1) ???
fn=(0) 0x00000000000202b0
0 2
cfi=(2)
cfn=(2)
calls=1 527 
0 140953
0 14
cfi=(144)
cfn=(474)
calls=1 77 
0 373
0 3
cob=(5)
cfi=(150)
cfn=(508)
calls=1 0 
0 12629138599

fl=(31)
fn=(88)
868 3
+8 3
-8 3
+8 3
-6 3
+12 6
-13 3
+13 3
-13 3
+13 6
+3 9
+1 6
+1 6
+43 3

fn=(138) expand_dynamic_string_token
385 14
241 2
385 2
241 2
385 2
241 2
cfi=(42)
cfn=(118)
calls=2 23 
* 72
+3 4
410 2
-11 2
+11 12
-11 2
cfi=(45)
cfn=(140)
calls=2 40 
* 168

fn=(134) fillin_rpath.isra.0
468 7
+4 1
-4 8
+6 3
cfi=(7)
cfn=(136)
calls=1 239 
* 240
* 3
cfi=(7)
cfn=(136)
calls=1 239 
* 8
* 6
+7 2
+2 3
cfn=(138)
calls=1 -98 
* 118
* 1
+4 2
+5 2
cfi=(22)
cfn=(60)
calls=1 41 
* 17
* 1
+1 2
+7 5
+9 15
+1 8
+55 2
fi=(28)
50 2
cfi=(27)
cfn=(144)
calls=1 +45 
* 5
+1 1
fe=(31)
528 2
+4 3
fi=(28)
56 1
cfi=(27)
cfn=(76)
calls=1 -21 
* 25
* 1
fe=(31)
534 2
+5 1
+1 2
-1 1
-1 1
+2 1
cfi=(29)
cfn=(128)
calls=1 199 
* 13
+3 1
-3 1
+1 1
+2 1
+6 1
+1 1
-1 3
+1 11
+1 1
-1 1
+1 2
-1 2
+1 1
-1 1
+1 2
-1 6
+1 1
-1 1
+1 1
-1 3
+1 1
-1 2
+3 1
+1 1
-1 1
+1 2
+1 1
+6 2
+1 2
-57 4
+66 1
+3 8
-46 4

fn=(176) open_verify.constprop.1
1568 11
+39 3
+19 4
cfi=(55)
cfn=(178)
calls=1 28 
* 19
* 1
+2 2
+11 1
+6 2
-5 1
+5 8
cfi=(56)
cfn=(180)
calls=1 25 
* 6
+2 2
+2 2
+2 2
+6 2
+17 11
fi=(28)
50 2
cfi=(27)
cfn=(144)
calls=1 +45 
* 5
fe=(31)
1856 9
1674 3
+74 2
+5 2
+2 4
+6 2
+6 1
+1 1
-1 3
+1 1
-1 1
+1 2
+1 2
+20 3
+31 1
-31 1
1633 1
1820 2
-31 66
+1 28
+1 8
+4 8
+25 12
+3 18
+3 2
-4 2
+4 4
+6 4
-36 6

fn=(184) _dl_map_object_from_fd
944 20
+10 2
-10 8
+10 2
cfi=(46)
cfn=(186)
calls=2 38 
* 14
* 2
+7 8
+85 8
+10 4
+7 14
cfi=(26)
cfn=(70)
calls=2 59 
* 766
* 2
+1 4
+11 4
+5 2
-5 2
+1 4
+1 2
+2 2
-2 2
+2 4
+1 6
+1 2
+19 2
-2 1
+2 12
-2 1
+2 30
+10 8
+85 2
-58 2
-34 2
-1 2
+93 2
+6 2
-64 4
+9 2
+55 4
-55 2
-42 2
+97 4
1101 2
-5 4
+15 60
+20 2
+1 1
-22 69
+1 127
1213 4
1110 2
1213 4
1110 6
1218 6
+10 4
+1 2
-1 2
+1 2
-1 6
+1 6
-1 6
+1 6
-1 18
1076 4
1235 4
+10 8
+7 4
fi=(61) ./elf/./dl-map-segments.h
96 2
fe=(31)
1252 6
fi=(61)
28 2
fe=(31)
1252 2
fi=(61)
96 2
fe=(31)
1252 2
fi=(61)
28 4
+1 16
cfi=(60)
cfn=(194)
calls=2 +18 
* 18
+74 4
-1 2
-73 2
+74 2
+3 4
+1 2
+2 2
-3 2
+1 2
+2 2
+17 2
+2 2
fi=(62) ./elf/./dl-load.h
-37 16
+1 6
+2 16
fi=(61)
+56 32
+8 2
-2 2
+1 2
+2 2
-1 2
+1 2
-1 6
+8 4
+3 4
+8 14
cfi=(44)
cfn=(132)
calls=2 -52 
* 237
+1 4
+5 4
+12 8
-59 40
+2 12
+3 6
-3 12
+2 48
cfi=(60)
cfn=(194)
calls=6 -93 
* 54
* 18
fi=(57) ./elf/../sysdeps/posix/dl-fileid.h
37 6
cfi=(58)
cfn=(190)
calls=2 -8 
* 30
* 4
fe=(31)
999 4
fi=(57)
40 6
fe=(31)
999 2
fi=(57)
40 2
fe=(31)
999 23
+1 10
fi=(57)
49 12
fe=(31)
1515 18
1018 4
+66 13
+1 2
-1 1
+1 1
-1 1
+1 1
cfi=(71)
cfn=(232)
calls=1 25 
* 7
* 2
+26 26
+26 48
+10 8
-1 8
-1 8
+2 8
+2 8
-2 8
-1 48
+2 16
+1 8
+2 8
-3 8
+3 48
+2 16
+4 16
+1 30
+4 6
+1 6
-1 6
+1 42
-18 6
+28 6
-11 2
+1 2
-1 2
+1 14
-18 2
+28 2
-56 4
+7 2
+2 2
-2 2
+1 2
+1 2
-1 4
+1 16
+50 3
+5 1
-1 2
+5 1
-5 2
-56 1
+61 4
+1 1
+3 1
-3 1
+8 4
+15 4
+1 2
+58 8
+1 6
fi=(63) ./elf/./elf/get-dynamic-info.h
39 4
+6 2
-2 2
+2 4
+9 2
+5 2
+3 2
+2 2
-3 2
-3 2
-3 28
+13 8
-23 32
+23 29
-23 116
+4 74
+5 40
+2 10
+3 8
+13 8
+10 7
+1 8
+1 8
+1 8
+2 8
+5 7
+1 7
+1 8
+3 6
+5 2
+7 4
+1 6
+22 6
+5 2
+2 2
+2 2
+2 2
+4 6
+2 3
+1 2
+9 2
+6 2
+4 4
fe=(31)
1275 4
+1 4
+2 4
+10 6
+19 6
+2 10
+52 6
+1 2
+6 16
+1 42
+6 8
cfn=(88)
calls=2 868 
* 40
-7 54
+1 25
+6 25
-6 50
fi=(30)
95 16
213 2
-1 4
105 4
212 2
105 2
-2 2
-3 2
+2 2
+3 2
-4 4
+92 8
-1 2
-87 6
+3 6
+1 4
+1 4
+4 6
+4 6
+3 6
+1 4
+4 2
+1 8
+58 6
+2 8
-56 6
+1 3
+3 6
+3 3
+1 12
+5 6
+2 6
+5 6
+14 3
-1 6
+2 2
-1 4
fe=(31)
1380 4
cfi=(64)
cfn=(204)
calls=2 25 
* 12
* 4
+13 4
+2 8
+2 4
+16 4
cfi=(8)
cfn=(14)
calls=2 25 
* 58
+4 4
+1 4
+17 4
+1 1
+3 1
+5 1
-5 1
+5 1
-5 1
+5 1
-5 1
+5 1
+10 4
+7 12
+10 4
+1 4
+5 2
cfi=(47)
cfn=(236)
calls=1 131 
* 10
+7 6
cfi=(26)
cfn=(82)
calls=2 31 
* 94
+3 8
+23 14
+1 6
cfi=(49)
cfn=(206)
calls=2 76 
* 10
* 2
fi=(62)
95 5
+2 1
-1 2
+1 1
-1 1
+1 1
-1 1
+1 1
-1 2
+3 4
fe=(31)
1506 10
fi=(30)
198 8
+2 2
+1 2
+2 2
-3 6
fe=(31)
1368 6
fi=(63)
62 8
+2 8
fe=(31)
1084 2
fi=(61)
187 8
cfi=(60)
cfn=(194)
calls=1 47 
* 9
+3 2
fe=(31)
1462 6
+2 1
-1 5
+1 1
-1 1
+1 1
-1 1
cfi=(32)
cfn=(90)
calls=1 108 
* 25
* 2
+2 5
1275 2
fi=(57)
49 3
fi=(30)
170 3
-39 2
fe=(31)

fn=(172)
2022 30
+8 6
+1 12
+3 42
+5 49
+2 21
cfi=(54)
cfn=(174)
calls=7 68 
* 810
* 14
+4 12
+1 18
+4 2
-1 10
+1 2
+1 2
-1 2
+1 2
cfi=(32)
cfn=(90)
calls=2 108 
* 86
* 4
2329 27
2068 2
+1 2
-1 2
+1 2
-1 2
+1 2
-1 4
-44 2
+53 6
+17 4
-2 2
+2 2
cfi=(42)
cfn=(118)
calls=2 23 
* 48
* 4
2260 2
-1 3
cfn=(138)
calls=1 385 
* 168
+2 1
-3 1
+1 1
+2 2
+4 5
cfn=(176)
calls=1 1568 
* 283
+3 2
-3 1
+3 1
+12 4
+46 1
+1 3
-1 1
+1 9
cfn=(184)
calls=1 944 
* 1819
-1 1
+1 3
-1 1
+1 9
cfn=(184)
calls=1 944 
* 2200
* 6
2098 2
cfi=(22)
cfn=(60)
calls=1 41 
* 17
* 2
+2 2
+7 4
+51 11
cfn=(216) open_path
calls=1 1870 
* 1656
+6 1
-6 1
+6 4
682 1
2165 1
682 2
2252 2
+28 4
+2 4
2111 1
696 3
2111 1
+1 1
696 2
2116 3
682 1
2117 1
682 2
2173 1
+14 2
+2 3
+4 2
cfi=(68)
cfn=(222)
calls=1 416 
* 1350
* 1
+2 2
+4 2
+8 3
+23 6
cfn=(218) open_verify.constprop.0
calls=1 1568 
* 396
+4 2
-4 1
+4 1
+1 2
2131 5
+1 10
682 1
2133 1
682 2
2157 3
+1 2
-16 2

fn=(216)
1870 8
+1 1
-1 6
+1 1
+6 2
+5 16
-7 2
+7 1
-8 1
+8 2
+3 2
+9 6
+7 3
+1 1
-1 1
cfi=(29)
cfn=(128)
calls=1 199 
* 13
-12 1
+12 1
+59 5
-58 4
+3 20
+5 80
cfi=(29)
cfn=(128)
calls=10 199 
* 134
* 40
cfi=(29)
cfn=(128)
calls=10 199 
* 130
+3 20
+6 30
+3 60
cfn=(218)
calls=10 1568 
* 540
* 10
+2 30
+2 20
+65 8
+7 2
-2 2
+2 2
+3 3
-13 1
+27 9
1902 58
+29 20
+1 70
+6 20
+2 10
-2 10
+2 20
cfi=(67)
cfn=(220)
calls=10 28 
* 158
* 10
+3 10
-3 20
+1 1
+2 2
-2 1
+2 26
-61 2

fn=(218)
1568 121
+39 33
+19 44
cfi=(55)
cfn=(178)
calls=11 28 
* 239
* 11
+2 22
+11 1
+6 2
-5 1
+5 8
cfi=(56)
cfn=(180)
calls=1 25 
* 6
+2 2
+2 2
+2 2
+6 2
+17 11
fi=(28)
50 2
cfi=(27)
cfn=(144)
calls=1 +45 
* 5
fe=(31)
1856 99
1674 3
+74 2
+5 2
+2 4
+6 2
+6 1
+1 1
-1 3
+1 1
-1 1
+1 2
+21 3
+31 1
-31 1
1633 1
1820 2
-31 48
+1 24
+1 8
+4 8
+6 4
+1 28
+10 12
cfi=(71)
cfn=(232)
calls=2 25 
* 14
* 16
+8 18
+15 2
+6 1
-3 1
+1 1
+1 1
+1 2
-3 1
+1 1
+1 1
+2 1
-3 3
-1 1
+4 2
-19 18
+3 2
-4 2
+4 4
+5 1
+1 4
-60 13
+1 3
-1 1
+1 3
cfi=(71)
cfn=(232)
calls=1 25 
* 7
* 3
+16 5
1612 20
+62 3
1802 4
-30 2

fn=(212)
238 4
+3 2
-3 4
+7 2
-7 4
+3 2
cfi=(42)
cfn=(118)
calls=2 23 
* 72
+3 4
+20 14

fn=(106)
706 11
+14 1
-14 2
+14 2
cfi=(38)
cfn=(108)
calls=1 175 
* 1847
fi=(28)
56 1
fe=(31)
720 1
fi=(28)
56 1
cfi=(27)
cfn=(76)
calls=1 -21 
* 25
fe=(31)
725 1
+2 2
+7 2
+1 2
-1 3
+5 3
fi=(28)
56 1
cfi=(27)
cfn=(76)
calls=1 -21 
* 25
fe=(31)
739 1
+2 4
+17 1
-10 1
+19 1
-11 1
-9 1
+9 1
+12 2
-10 1
+3 2
+9 1
-7 1
+4 1
+3 2
-3 1
-8 1
+3 1
+8 1
-3 1
+1 16
cfi=(44)
cfn=(132)
calls=4 125 
* 72
+2 18
-14 3
+10 3
+4 3
-12 3
-2 3
+2 3
+4 3
-3 3
+3 3
+1 3
-2 3
+5 6
+1 3
-4 3
+4 3
+15 1
+3 1
-15 1
+7 1
-1 1
+9 2
+2 4
+2 3
+36 5
+2 2
cfi=(22)
cfn=(60)
calls=1 41 
* 17
* 9
-19 1
-2 1
+2 2
+19 9
cfi=(29)
cfn=(80)
calls=1 212 
* 11
* 1
+5 4
-1 2
+2 1
+1 2
-2 4
+1 13
+1 26
-2 52
+5 1
fi=(28)
56 1
cfi=(27)
cfn=(76)
calls=1 -21 
* 25
fe=(31)
836 1
fi=(28)
56 1
fe=(31)
838 2
+6 6
cfn=(134)
calls=1 468 
* 587
+3 3
+6 1
+4 8
-35 2
+5 2

fl=(135)
fn=(438)
27 1
+2 2
-2 1
+6 3
-6 1
+6 3
-6 1
+6 1
cfi=(134)
cfn=(434)
calls=1 +41 
* 177
+4 2
+2 4
+2 1
-1 1
+1 2
-1 1
cob=(3)
cfi=(136)
cfn=(440)
calls=1 -7 
* 1108

fl=(72)
fn=(238)
30 20
+4 2
+1 4
+11 2
-1 4
+18 8

fl=(76)
fn=(268)
252 8
42 1
+9 1
-10 1
+4 1
-4 1
+3 1
+4 2
+1 2
-1 2
+14 2
254 8

fl=(141)
fn=(456)
67 2
+5 2
+3 2
+2 2
+10 2
+6 2
+1 2
+1 2
+1 2
+1 2
+1 2
+1 2
+4 2
+1 2
+3 2
+1 2
+2 2
+1 2
+1 2
+1 2
+1 2
+1 2
+2 2
+7 2
+1 2
+1 2
cfi=(142)
cfn=(458)
calls=2 -80 
* 1555
+1 2
+5 2
+1 2
+1 2
+2 2
+1 2
+1 2
+1 2
+1 2
+1 2
+1 2
+2 2
+2 2
+4 2
+2 2

fl=(130)
fn=(418)
95 8
+1 8
+1 4
+6 20
+1 119
+1 82
+2 12
+5 4

fl=(194)
fn=(734)
31 9
+20 3
-3 7
+3 4
+3 2
cob=(3)
cfi=(195)
cfn=(736)
calls=1 +23 
* 43
+2 1
+3 2
+2 6
+7 2
-2 1
+2 1
cfi=(49)
cfn=(466)
calls=1 -28 
* 21
+5 14
+5 1
-5 1
+5 3
+2 8
+2 8
+2 8
+1 4
+1 4
+4 4
-12 12
+14 6
+1 4
+6 5
cfi=(12)
cfn=(244)
calls=1 288 
* 300
+9 2
cob=(3)
cfi=(196)
cfn=(738)
calls=1 367 
* 34
+5 6
+2 1
+2 3
-2 3
+2 9
+3 8
+3 12
+4 2
+11 4
+1 1
+1 2
+1 5
+1 2
cob=(5)
cfi=(150)
cfn=(740)
calls=1 0 
* 92
-1 5
+5 3
+1 6
cob=(2)
cfi=(51)
cfn=(766)
calls=1 0 
* 110
cob=(2)
cfi=(51)
cfn=(762)
calls=1 0 
* 4
+6 8
cfi=(49)
cfn=(764)
calls=4 -57 
* 20
+5 4
-45 12
+49 3
cfi=(49)
cfn=(466)
calls=1 40 
* 21
* 2
-38 9
+3 2
+41 6
+6 2
+7 8
73 2

fl=(78)
fn=(282) check_match
70 100
+3 100
-3 1200
+3 396
+13 98
-13 98
+13 98
-13 98
+13 294
+3 340
cfi=(32)
cfn=(90)
calls=36 +19 
* 1803
* 72
+4 98
+1 196
+2 192
+19 192
+1 768
-38 98
+84 588
-18 4
+2 4
+1 2
-1 4
+1 6
-1 4
+16 12
-45 288
cfi=(32)
cfn=(90)
calls=96 -9 
* 2798
* 192
-44 8
+82 4

fn=(280) do_lookup_x
363 840
+1 105
-1 525
+48 105
-30 210
-11 105
+41 105
-30 315
+30 105
fi=(79) ./elf/../sysdeps/generic/dl-protected.h
44 315
fe=(78)
381 105
fi=(79)
44 420
fe=(78)
395 987
+4 329
+4 329
-3 329
+3 1316
+1 987
+3 329
+1 658
+7 329
-3 658
-2 329
+5 1316
+3 2303
570 696
374 660
+3 660
+4 666
+4 658
+4 658
+88 196
fi=(4)
137 196
+1 294
fe=(78)
528 196
fi=(79)
29 196
fe=(78)
535 756
+16 196
+1 98
+1 196
422 416
-1 208
+2 208
+2 1248
+13 423
-10 1195
+3 100
-1 200
+1 100
-1 100
+2 200
-1 1200
cfn=(282)
calls=100 70 
* 10155
+4 300
+3 4
573 7
+1 840
-35 21
-70 12
171 42
452 784

fn=(278)
840 1050
+10 105
-10 210
+10 105
-10 105
+10 105
204 105
840 105
204 525
581 420
-1 210
+2 105
-1 105
+1 315
-1 315
+1 1300
-1 1300
+1 3900
-1 3900
+2 105
846 105
-4 105
+1 105
+7 105
-8 105
+1 105
+7 393
+3 105
+2 210
-2 105
+6 210
-7 630
+7 35
+1 1470
cfn=(280)
calls=105 363 
* 37539
* 315
+28 105
-23 105
+23 105
-23 210
+24 572
+7 98
-7 98
+40 392
+79 196
-65 294
+3 294
-62 105
+69 945
-86 42
+18 21
+59 2

totals: 12629279944
